809.393357894	187.125849547
811.374782811	129.709200123
821.464399428	37.3808559636
822.442654195	46.5351079766
823.421224422	44.9647565931
836.407542625	2050.16826932
840.440715757	428.422930341
851.413158231	50.9388003273
852.408981017	358.505837414
854.42230836	50.6700432228
868.429070734	2255.99597165
877.415920608	54.8886396035
882.43343558	52.7326950092
883.437865126	62.7305318683
884.424202896	61.0951127177
886.414231944	227.598788165
892.474373331	1163.78219836
894.473338049	380.66502297
897.442129307	43.8792413667
898.490456989	8284.81379313
902.428160749	162.237505963
908.456772678	180.158496217
913.439704567	47.5361237036
914.435012474	74.0429119079
917.445996993	37.8346118418
920.455457263	117.317805455
926.466010195	63.7373135191
927.402767273	45.0850853277
927.480162875	49.0303328503
928.402571945	79.2169650646
929.392473672	56.7898428166
936.475698988	38.5768653338
945.413007355	54.7082830959
950.449697439	357.006264603
996.499554733	35.5738938303
997.522858843	71.6625717938
1009.47993584	43.4782929682
1010.5075905	83.5094804144
1028.51820046	49.831158847
1029.48869118	73.1953658091
1042.48769161	76.3315881818
1067.52356089	55.0282532315
1087.5581395	74.0551338552
1088.53722733	216.928279814
1095.55515801	293.570350097
1105.56999026	8964.66017595
1109.56872635	85.9244868095
1116.50023955	63.1822804522
1125.52046009	342.411450697
1127.53905398	115.671397302
1138.5567592	82.9885892753
1161.57550083	5301.33855007
1177.56541956	316.07071309
1179.57203207	105.108951684
1180.64224385	3182.05163702
1182.6218875	2039.82498006
1189.57289793	77.3481822362
1196.64042599	1734.68234227
1199.58361446	108.181943863
1200.5640548	88.4881772695
1201.58569795	2779.5296209
1211.63568146	116.227046911
1212.63419634	128.371088117
1214.60531006	37.8099230681
1222.59398413	45.6015834072
1223.57649714	152.339092488
1230.64401977	191.82122495
1261.6322271	1856.48421533
1267.68062955	5691.84910873
1287.63769635	111.534717158
1308.65107111	52.6398978588
1311.63115961	670.187882397
1325.67045533	57.3648698312
1328.65282413	161.431234251
1332.66034043	339.769134444
1343.6665865	142.735371644
1344.6695976	165.269476172
1378.47394558	154.204701995
1404.76948351	893.325605144
1409.71046789	99.777713906
1412.72622212	72.701328889
1427.74066739	28371.9927609
1435.69548503	5897.1582006
1441.69119526	117.099240054
1443.73915425	614.529866239
1449.73502502	66.0242312239
1455.67772554	269.811804552
1457.69108026	628.958166877
1459.70578701	26047.5360755
1464.69871667	301.171075506
1471.67755394	55.5097624016
1473.6877746	6481.85192924
1496.76333045	4796.89220584
1512.76045856	1002.42065666
1516.80129504	186.100589706
1518.78849009	186.027438981
1532.7981868	9909.08690035
1544.81034685	141.828055905
1545.82151424	213.234192426
1546.79223297	292.143475834
1550.76807509	2624.01953481
1560.83909136	36159.5409297
1562.83564618	29608.3943281
1568.75077169	231.703916005
1576.8242169	148.845067977
1583.7818927	88.8123222362
1585.78654883	70.8744601453
1586.78179079	15562.7821883
1599.83929533	225.043862062
1604.83554951	187.437220813
1615.84139806	4378.26879765
1632.84295544	84.6287740271
1633.85330542	134.474198536
1648.85404361	28915.2601386
1655.81733537	214.636259026
1658.83767478	3173.42453843
1674.85722847	165.49122101
1676.84020586	153.255194882
1688.88722024	167.830815664
1690.81152046	1097.05756537
1698.84720531	102.784632853
1701.82179824	108.501114244
1706.79969753	4285.6254336
1710.88111807	702.220531829
1726.88924639	13379.5784186
1743.76191107	560.747687384
1763.89363042	64.157477164
1765.88475604	61.5536468881
1766.85893584	85.4424017617
1767.92980009	139.349650596
1769.89959858	122.511821621
1776.98930196	536.313399964
1783.83663914	438.299581792
1787.85986943	63.4081462706
1788.89133625	85.7993454738
1789.88342462	170.952381965
1790.82563191	451.185447034
1792.93626696	756.413264298
1799.884842	58.9040317258
1800.89198355	1049.75251507
1804.94037431	746.850759537
1806.84282822	1231.12157232
1812.92659766	158.138621652
1816.89542907	18905.8484117
1821.88917282	713.803537189
1822.8497656	1917.89134425
1828.92866817	57.2354129564
1829.93295538	124.711237427
1832.89390161	22520.3022429
1838.88284831	287.540314291
1847.94288009	52.9303018578
1848.89374424	1322.81582747
1863.90002553	106.310176196
1888.94408635	2214.85148621
1976.0211875	380.55024518
2007.96178678	238.924783273
2009.97933078	454.520321053
2019.99661343	1896.34558085
2025.98689361	64.1552661107
2041.12929283	82.4440849142
2045.05039262	48.8946360571
2050.02128712	47.8828919101
2050.37813072	49.0981908064
2057.01567719	839.149167929
2058.01368206	1407.46618115
2073.03777271	8984.97558608
2089.03403237	15861.8814867
2095.02842623	68.395278704
2103.06716886	58.1528881677
2105.02657466	5319.26091741
2115.1739222	34.7503277087
2118.09000657	75.7465015826
2131.14264262	7479.65728936
2135.04331651	2629.63586486
2150.01206384	866.59638097
2151.04022961	3414.688893
2156.00093468	316.374162024
2171.97896258	109.575242698
2185.06746875	45.801061162
2199.00074519	5896.85499598
2215.01352457	40.4691060986
2216.03531368	109.975075126
2244.05664509	38.933946657
2278.12422263	33.6474478053
2282.14521926	52.4893512718
2293.15454058	3248.28529054
2300.08493666	141.601528377
2307.16654463	213.349650055
2315.11970199	913.61124932
2316.11334992	2499.46489872
2323.15396448	54.8069436041
2329.12751448	31.6743381382
2332.09627441	54.8306238537
2337.12591124	36.1369057903
2338.0823478	124.68752849
2361.1679759	30.4120407594
2476.24061809	63.0617528106
2481.23829888	21.8302200371
2485.23915476	72.7605998451
2497.20648594	111.010524253
2501.19476151	164.959337118
2513.19454571	94.4987169575
2518.88979806	25.3127452589
2532.18439173	21.9990431143
2548.22561942	83.9773035565
2565.22875306	80.6329261703
2570.18830665	25.1055340898
2582.23123236	52.6111551392
2583.22083934	682.207880202
2596.20386446	20.8225567766
2673.29888381	23.8685453145
2674.28399366	88.6639291454
2678.85708402	23.653844909
2687.24997096	27.7516580385
2689.27033767	1307.01354758
2703.30726908	26.2540222799
2705.27493544	22916.437514
2713.95405548	41.1143468828
2718.30244803	27.2477668466
2721.26362083	60.6538553327
2726.29001467	18.2045722223
2727.24463911	110.85228001
2751.33920578	44.8499879085
2753.38095959	102.54115442
2767.36526402	72.8744314915
2769.36602806	1203.41980346
2775.33486698	32.8609195429
2785.3699394	1481.1500606
2790.40950545	42.6392041952
2792.33890503	2462.19722453
2799.35377834	20.0344390893
2801.38939735	42.3987016972
2868.43472263	15.7814096456
2881.41642341	80.1333064619
2883.43183865	2107.94770245
2899.42710424	1576.93739631
2929.42043946	25.9370208884
3001.3772822	102.993475198
3017.36709796	2588.24347275
3033.48366751	121.477332347
3039.39520092	17.1109875331
3060.15618025	27.4307727587
3061.13435691	72.031052246
3068.45626756	14.2080415456
3084.41285426	438.536807592
3100.4062105	2548.09653905
3105.7955866	15.764075422
3116.36843624	27.1924621663
3227.53148568	56.7188411168
3228.51797121	157.29985192
3243.484106	34.6359031242
3244.50762162	97.8131608279
3575.62277799	8.19877855878
3576.59755835	51.1315770932
