705.042404463	94.5449755043
706.06132092	110.193647905
707.060970375	202.955651125
708.062767428	123.467103817
709.063741819	89.3084075384
710.058441615	75.7692569339
711.054728069	144.488287673
712.063430403	89.9817559999
713.054730709	159.980771297
713.280119759	214.041964437
714.051230418	117.133374968
715.072461715	91.9743993858
716.064082976	108.024781068
717.068486858	96.2341721304
728.075499136	131.823899648
729.078310096	87.763291077
730.081757499	132.410798222
731.075736318	105.544114151
732.072519063	127.403588277
733.065789775	97.8773535968
734.082030632	105.030332325
757.21549075	124.153017134
799.245029884	275.849911259
800.239784799	149.471464304
811.244728046	111.398116404
812.241629606	99.2080912657
813.237692756	131.765281866
833.097218654	655.884561432
835.264814418	77.2933872055
836.266046772	81.3512496861
836.447640057	962.863179886
837.445193466	818.675625062
839.102481559	953.104734961
841.46185019	173.623694907
842.485514841	183.504821886
852.450842553	126.425451167
853.434300596	245.885605615
855.07520879	5998.50041522
861.092081903	1131.23995351
878.495006271	180.918982366
886.451202563	146.122613161
898.521959911	156.457039677
899.512544135	392.477725593
900.24665256	142.804255681
905.299720921	77.1200367098
906.24204425	209.615709324
910.608740541	375.043464006
924.627583272	166.858946032
950.488543526	826.057284808
1044.11451772	417.353836607
1050.13054315	284.030620553
1060.09107444	1761.99785819
1061.55921836	68.0381110983
1066.10798065	1732.63847578
1067.54289386	68.9809576514
1068.56083108	105.734571675
1078.54859216	70.3451457758
1095.59056965	1354.94828235
1104.56922478	83.8921567125
1105.60547622	10917.2444934
1106.59808905	14657.5373902
1110.58217799	232.603666094
1111.58458171	189.400046328
1116.53609574	181.532010557
1121.58852451	73.3458648933
1122.58477198	129.008711974
1125.56617599	123.8815965
1126.55636155	251.327936381
1128.56730789	173.642773711
1136.60019077	73.6607769745
1137.59340086	76.3645545949
1138.57961466	297.537677605
1139.57654479	317.359135519
1143.55447008	127.398586552
1149.59522976	90.2093848404
1150.58808683	88.1875336034
1154.59966901	463.736322635
1158.58121111	83.1072620082
1159.56660774	115.343981187
1162.60556448	85.7971700339
1165.60335636	85.8836552144
1177.60893753	239.631513585
1178.59483795	812.209053783
1181.6075076	121.338031209
1182.62776788	127.525490322
1183.63182375	212.391699017
1186.6292173	74.3247915767
1189.59782945	116.820036394
1190.60120378	94.5592108451
1191.60151273	79.9057749486
1193.60844563	63.2268799831
1196.59313622	72.9956152774
1197.61195472	108.625400584
1198.63896679	217.313579102
1199.63903462	412.036992867
1201.61833991	224.326803451
1202.61525014	590.416169671
1205.61951505	80.4904506307
1221.60955439	91.6874498741
1228.66374966	108.619549294
1239.6744692	920.907795147
1249.64510421	83.8195613228
1250.63141202	206.379087092
1253.63438516	69.5450524546
1261.66394859	5917.64701643
1265.66769132	121.961281968
1266.65161937	133.312125194
1271.11603312	322.653158791
1273.6752793	88.896309429
1274.66162612	118.843273086
1276.66248865	63.762595744
1277.13438348	190.560736905
1277.66152633	164.385159812
1278.65718984	205.178264147
1279.65435161	215.272446489
1281.65925703	84.0471493481
1282.65039758	113.765831371
1283.6567731	133.679512483
1293.66840681	86.2680070078
1295.67367045	133.590856227
1296.66384677	179.609716371
1297.65049122	9090.02020276
1308.68460014	132.496678846
1310.67777605	69.822601931
1311.68153398	69.0538333131
1312.67640039	91.4375402475
1314.6603576	63.8063007257
1315.67058446	130.487789826
1318.65881042	83.5745193744
1319.65832457	107.253166878
1323.68643765	72.9226206233
1324.68565121	162.676342077
1325.66955859	199.895849313
1328.68428773	297.152680131
1331.68889548	62.9923356896
1332.68992377	238.834209711
1333.68161282	549.31479621
1335.67937708	168.846210117
1337.68039121	112.193485319
1339.67917838	66.8969898079
1340.70328216	77.2735394164
1342.6912098	71.7817052881
1343.69417098	124.096296437
1344.69263554	173.493295503
1346.69952747	75.7858562279
1350.67643606	76.7235495025
1352.67933217	62.224353052
1354.67582193	67.3401041932
1367.69753189	62.2216003956
1381.71263772	83.869617437
1385.71432929	92.1336108699
1390.71638012	75.6934643524
1391.71310879	77.392358245
1392.70101102	126.700196541
1396.71875896	71.157940982
1402.74211069	78.6702558573
1429.72471945	70.7055323165
1435.7479751	77.6597617879
1437.77871113	106.55333733
1447.76510352	68.0002587979
1448.71069697	672.970702528
1452.74118688	110.694321836
1453.7903465	14531.6482687
1458.72059744	309.766725554
1459.73383822	5693.03436264
1464.73697	86.8301966163
1465.73535768	6295.3937154
1469.77599185	916.219480128
1473.72220266	1576.52194888
1477.75152019	132.823927154
1478.7235238	400.203324345
1481.74024925	160.73432476
1484.77160743	116.968667758
1485.80754728	360.389575809
1488.75543603	89.2645950159
1489.77357355	146.388514739
1491.75569524	144.142098065
1495.74994978	89.2853487588
1500.76434569	179.834209753
1501.76577387	220.792715324
1504.79536974	82.8323302397
1506.79961706	78.046126073
1516.82088743	197.024708159
1517.7837718	286.77020761
1522.75479715	76.5795963202
1525.76696017	96.2129180724
1529.81845867	131.101752412
1531.8112993	91.881796542
1532.79733554	123.465840153
1534.79596486	98.1500107265
1540.79584556	84.7049950541
1541.80025324	109.122583942
1542.81134119	160.247534069
1544.82708922	106.702164534
1545.82717499	174.771075822
1546.82543175	230.447551563
1549.80267483	131.929933736
1550.79961491	5877.61478025
1558.82186562	110.678727961
1560.59151988	67.3744771346
1560.86504314	33184.6350565
1562.85591571	21738.3069114
1564.38226923	134.726937281
1567.80568326	151.081895692
1570.81308323	95.9165771809
1572.82618235	226.578682231
1574.84095553	210.231493471
1576.84807959	539.394427146
1578.84413997	357.181254029
1581.79546434	86.6830435864
1582.83301111	257.795040171
1585.81281855	97.6338956138
1586.807668	6866.37499358
1590.84146635	610.197784672
1594.82830238	110.995627305
1598.81651262	100.002611044
1600.84034365	193.795403196
1602.84496966	128.277785336
1604.88878138	6177.58985998
1608.81714528	2551.66513002
1612.80768905	101.868659523
1614.83455004	63.6955161431
1615.8709855	2212.0251668
1616.86396766	5317.42662556
1620.86669122	172.41414981
1623.82314732	60.8252068449
1624.81351078	94.2547406731
1626.84553729	103.223480155
1628.85741334	91.2656590735
1630.843958	98.3370977087
1632.85382019	164.239663964
1634.84749802	103.183887058
1635.82040109	160.044427015
1637.83653801	101.239903607
1644.86174687	84.5901206856
1646.85447867	135.647564194
1654.83494258	87.9326133927
1668.83465013	85.5541239277
1670.84548238	84.1874347598
1672.8492127	278.227925338
1683.86649018	65.1322423576
1684.85190773	90.2590087961
1686.84679555	116.503994611
1688.86030673	97.5192865089
1690.83449442	487.356737821
1691.82942256	875.350837591
1699.81545219	289.445287431
1703.88652637	80.7923215197
1704.8908503	113.504840696
1706.82930766	1102.25264699
1707.82478389	2173.05062009
1711.84546305	69.0540499317
1713.856525	60.1847863513
1714.86997786	123.797679398
1716.87634734	89.1905685908
1720.88761557	63.436361778
1721.87225432	91.8025461509
1722.87814071	232.570956324
1723.88499119	339.409545541
1728.90486974	71.7766118865
1731.87950153	67.5104314083
1733.90171374	103.034120298
1734.89306611	208.53191158
1736.88933	144.936127004
1743.90011678	78.9515812927
1744.90275977	115.855645369
1748.87640224	156.524555491
1749.85711218	255.296253829
1750.88438349	1257.73906666
1754.91155056	226.936042298
1758.90630554	66.8001141338
1759.82835493	115.695251551
1760.80369149	159.386947952
1762.88467272	84.3983682548
1763.89628004	112.606199051
1765.8822138	380.266281464
1766.88324658	2360.17043825
1771.93430539	177.468049192
1773.90792497	90.7121500564
1775.89902008	78.0840062438
1776.9161336	109.426576118
1778.89806767	68.8767784907
1782.93142378	95.6500297374
1784.94958167	7076.18597135
1789.92119427	105.361586278
1791.88287804	88.95839313
1797.93257382	64.09191759
1798.93181999	82.4004680235
1800.94576847	13200.4311202
1805.91675005	142.309233038
1807.92074758	111.198618298
1816.93708485	206.487526612
1817.93824621	382.052420681
1821.86637682	234.790821986
1822.87552239	389.226715549
1826.94239546	69.6975366749
1832.92886255	68.2611032297
1833.9426127	139.489838291
1835.93012389	180.651661056
1838.87261291	334.313754242
1841.94254455	948.323477761
1846.93226307	67.141930011
1848.92519618	98.1158545752
1850.9278094	133.752051658
1852.91317861	131.108011264
1854.89021649	82.7594063328
1860.93003034	56.278213604
1862.92522869	57.6393881956
1863.92241682	360.374727489
1934.01085621	53.1188553225
1934.98961333	152.352266362
1976.03010672	73.0480103522
1977.99613981	77.2894499118
2015.99801968	153.184240882
2021.00914443	62.0040625102
2034.03000344	53.6401382146
2052.02355891	275.040750878
2053.02383153	1189.88185519
2058.02836326	74.288757489
2060.02331513	81.1952923987
2068.04580556	59.3549994089
2069.02274019	119.499619595
2074.03128134	70.4376343202
2075.04222478	120.058832014
2088.02962268	50.6413156184
2089.06970536	194.691713415
2090.0562545	644.162381776
2101.02713772	47.577146715
2104.03216935	49.6991412881
2105.0607731	806.718885887
2106.05497485	3611.5217157
2116.05593495	64.1949726293
2118.05511059	98.0719295574
2121.06378227	179.873009358
2122.05047722	505.231058482
2134.04062038	474.557311762
2135.03828824	1327.71272452
2139.04203562	78.5201130268
2145.18587069	368.073886358
2149.1189207	1063.7207624
2153.08232134	290.306758997
2156.05799468	113.339401213
2159.09818838	96.371838034
2161.17407364	141.876160942
2165.1084793	1433.33518691
2169.10194404	282.921148196
2173.06603897	95.6981990657
2185.08831341	81.9230619782
2191.10292125	76.7339084694
2211.09766617	55.3236274588
2213.09449266	70.237514503
2215.04036014	89.2439508588
2216.02890426	228.372243992
2227.08858082	73.6248300734
2228.07544123	212.822478615
2232.09464748	73.7541145532
2244.1140272	80.3122404564
2256.12625966	61.1774395957
2260.15993092	53.9084980151
2273.12994123	49.5845934548
2300.10953905	64.7525344517
2301.10471817	144.978348154
2316.10552767	181.012291564
2317.10340436	531.566672751
2322.1685519	82.4896702985
2336.17930663	38.6841925544
2337.23637419	88.5464213684
2338.19048517	577.789751658
2343.1680503	41.31853965
2354.17786009	57.4747206247
2358.17482271	55.3448657491
2360.17698858	98.1338899126
2369.18466803	38.4974888244
2370.17155038	93.4997378787
2380.19628224	38.5245079263
2381.20786578	121.015229059
2382.17545831	318.472938018
2386.19398818	67.4874047167
2390.20349171	35.5215263115
2399.1816436	49.0385091045
2404.15846246	70.2080296033
2414.20862884	45.7698543343
2415.202491	111.289139141
2419.19724777	52.6794632717
2427.23794519	35.7676316013
2443.20652409	41.0594391153
2456.26275637	56.535006211
2470.25098133	34.6662575759
2485.24185611	36.7487766574
2496.26952426	30.6319226809
2501.23971891	35.1752244293
2502.22921384	91.8769316405
2514.23365517	50.6431874439
2532.274876	28.9164751071
2548.26511609	63.9214211086
2549.24380821	315.486222405
2554.25633748	28.5579551094
2565.23241357	30.7529713863
2569.24862227	33.8442985357
2571.30180229	998.485988238
2587.26006953	45.1147187011
2589.30394641	78.5082607944
2623.30348141	29.8219937614
2690.32214842	29.1989152981
2705.3343587	45.797640626
2706.32370895	222.118276093
2870.43065392	20.2211848265
2975.44956256	19.6936458047
2976.42798652	50.5369631077
2977.40107998	144.528925905
3000.55207446	21.5633922028
3061.32951515	17.5110802953
3062.38420458	43.1360421625
3117.41773107	39.2103662922
