760.42626033	15.2848646993
785.502220715	56.0110605761
833.139402406	31.3987793328
835.476342291	13.7367163539
836.4890368	175.974804682
837.493220733	153.612937401
839.138401205	50.4184004622
840.53255075	15.1928937783
841.507319365	44.1524887672
842.543065767	39.268333684
843.48406323	37.8926488647
852.498141987	31.0171498214
853.482501147	63.122897541
855.123335578	353.537727613
868.527514933	37.9330579943
878.551545277	37.0438900729
886.488551863	39.0671594728
887.497054123	53.6638583438
889.448169918	17.283345081
890.540576393	39.8477914886
894.554628243	28.2019089173
898.578915715	44.1802511903
899.573794417	150.707815528
928.487234573	27.9158033072
950.543419589	106.768016231
962.533870313	20.1521491119
1044.17930753	18.2345589109
1060.14589566	109.618755193
1066.1621428	71.250233676
1095.63122966	74.4494063629
1103.61176923	15.8623140884
1104.61309327	19.040205842
1105.65550728	726.639793663
1106.6482826	1123.29931757
1110.64194064	20.1904875368
1116.56660665	119.543325511
1125.60887446	32.1826305822
1126.59598255	98.8186529497
1137.64657891	21.1764887363
1143.60785375	19.3906228108
1154.65680629	94.2274594918
1177.65655065	32.1541392761
1178.63851129	155.547971666
1182.67122121	20.9078898228
1183.67298192	43.5072944362
1198.70227101	48.181220154
1199.68961647	80.1299996316
1201.66834414	57.1289107687
1202.66108917	229.562219578
1214.6913658	18.3267523818
1239.73027859	199.36261872
1249.65916688	23.2591930215
1250.65942928	25.3522149651
1261.70771161	664.765928566
1273.68916711	19.5887072725
1277.70137861	35.0804648487
1279.70788056	21.7684711116
1295.74352246	28.4776413331
1297.70179487	623.4199258
1328.72977764	24.4514074461
1332.74401363	26.5737670351
1333.73056735	58.2672274372
1437.81639032	40.6727733186
1448.75825165	333.415205434
1453.84039119	4583.50176746
1458.778079	46.5478594427
1459.78275328	1703.63061846
1465.78850158	2676.82366092
1469.81780896	229.325753083
1473.76351285	427.573833254
1477.77407872	25.7203136968
1478.76143753	91.0783374171
1485.83166072	47.4186532174
1489.8174881	24.7116774754
1490.77492759	36.3769848176
1500.8242623	26.226136431
1516.85180992	27.6009828028
1517.84154184	55.4685250694
1542.86150544	40.3686661968
1544.84687307	29.4662095077
1545.86325088	35.070891428
1546.86619132	87.3087388512
1549.86504723	48.7228735972
1550.84672817	1499.24440079
1560.91298122	6741.10955748
1562.9009785	6139.10586287
1567.85385227	47.7040410312
1572.88350546	35.7199344402
1574.88902117	35.2249179207
1576.886934	127.564169714
1579.86489191	72.2410271122
1586.85921822	1774.88661268
1590.88894576	102.162491122
1592.8835797	87.138916742
1600.90916836	40.6233833219
1602.9055287	33.4789067487
1604.93838126	1995.00523068
1608.87081534	1439.68270267
1615.91426831	236.211508382
1616.90512698	844.331264083
1620.91069694	63.2419706982
1629.86134332	32.5509788334
1631.87283883	34.9712595731
1653.86750575	29.9543120808
1655.88586448	71.5429748115
1667.87009242	39.4482647698
1669.88028514	57.8816283216
1671.89711613	42.7453501039
1672.8974252	121.721607547
1684.87758949	43.9453977208
1685.91495711	61.7745534949
1686.87964886	99.7248426963
1689.86231145	45.8636276056
1690.88481726	656.997423579
1691.87976008	1451.32531983
1698.92400776	33.0563382472
1699.88903996	123.456263782
1700.87506839	163.248992734
1703.88526593	56.9895905773
1704.90648479	76.0946301058
1706.87846359	1810.02592784
1707.87491146	3784.06502515
1712.89282871	44.0818880967
1714.91770523	56.5321962011
1722.91205666	90.9843922418
1723.92552738	123.444596413
1729.95806482	30.5762112451
1732.92335196	42.0274635731
1733.92500541	56.756238975
1738.89979203	47.3277943286
1740.91041127	39.6301850334
1743.92758231	40.3746056991
1748.93259198	35.95510212
1749.90521868	88.177534851
1750.9257195	129.795940002
1753.96560609	76.1868831587
1759.8939093	46.4120160106
1760.83412206	134.949859312
1764.95828693	55.330664975
1765.94953372	92.5837576457
1766.93562906	517.735367151
1768.96563365	356.605627944
1771.93849697	103.620122106
1774.90979541	46.575607832
1776.89556509	37.7423302036
1784.99830108	1444.46526685
1789.94909245	38.3160850241
1800.99527141	3500.07772101
1816.97627435	95.9833065842
1818.98538138	113.137750957
1821.90772972	52.6497179429
1823.92578235	46.8215622395
1832.99943533	40.9102191162
1833.97826302	73.7602020677
1838.90990981	38.9447086339
1841.99504274	173.013478549
1848.9827209	34.8497765732
1851.97620672	49.9744420569
1863.96606324	134.825931009
1864.97319826	240.415403887
1935.03845582	49.5130265571
1975.05160397	37.2189535323
1978.08456476	37.9199572298
2021.055561	62.7704717266
2036.06702741	58.4095065027
2049.07310065	51.9436467574
2052.09343998	406.477751635
2053.09016279	1058.76354677
2058.0546589	70.3482572555
2062.08118359	43.954104148
2068.09740482	45.5742493794
2069.07715616	92.9106173324
2075.09094345	81.4989713797
2088.09650947	38.9436799264
2089.12998055	71.4822434083
2090.11025717	287.91384542
2091.10836577	583.720072057
2105.12347365	227.915103866
2106.10978534	1670.12728165
2107.10469457	3000.03269311
2117.09392426	45.8916791283
2119.10493672	65.8444361442
2121.11412188	159.397634867
2122.10064554	431.442457016
2123.09862453	731.871157195
2134.10972087	491.30825909
2135.10408428	1695.57043655
2145.2508649	2075.02156058
2149.19429443	445.743104658
2151.11594427	834.233626918
2156.09540985	71.4131738685
2158.08319104	86.5584428372
2160.21932436	125.582958936
2161.23055073	269.568844446
2165.16559208	393.83905169
2169.13526409	92.3155768903
2172.09256799	37.1566323973
2174.13669474	63.2770517869
2204.14305894	76.9974171841
2211.13656702	41.1075251378
2215.12286026	37.770896683
2216.09533875	185.9676063
2217.07135059	376.803847076
2227.13868868	66.2613813221
2228.12290227	133.122943687
2231.11894583	47.3659455059
2233.08766432	119.83156303
2256.15452717	61.7382202148
2270.18537519	34.2740955233
2272.17551447	67.5393360391
2286.17048725	63.4698155053
2300.17850263	66.125349634
2302.18077744	198.016932961
2315.18718669	33.5448938171
2316.17224862	112.829389463
2317.1754848	405.936120847
2318.15920054	867.887340802
2323.21752838	41.8693761564
2333.18932593	34.0682474837
2336.22215801	47.5052905154
2337.26767101	132.712453112
2338.26078088	326.918179758
2343.2260285	39.1290045077
2353.25728041	33.4934415218
2356.24324318	44.0899616981
2358.20778987	61.2412791998
2369.22832931	34.2286783365
2370.2326529	74.4969726188
2380.28793187	57.2601606212
2383.25451244	49.4567490643
2386.24595965	77.670519736
2389.31446277	39.6197898985
2395.29721225	36.8442123865
2410.27316092	34.637959526
2411.26738105	71.0387191441
2414.24983245	47.9230105214
2416.24450249	68.5800966595
2425.25266661	33.6249572631
2427.2471945	66.0365577201
2440.26364514	40.9646290516
2443.3028129	39.1826249935
2454.31038718	31.4921795311
2456.29805695	46.2091896494
2470.31184719	31.4154833439
2499.30383666	47.6341726639
2502.29941744	32.4462166873
2514.30936734	36.8066997078
2542.32342999	33.1333412823
2548.30277864	32.3532360327
2549.31541118	153.173836036
2553.34705356	36.6116663247
2565.32886363	33.2563478636
2569.34968365	39.0872981998
2571.37407198	944.011957486
2583.32609916	28.7119083241
2587.34309286	46.5363473132
2589.35558134	75.7648792672
2607.39420908	31.6241983333
2623.37615699	40.7986721105
2690.39977318	50.1559810454
2705.38584413	92.8483193408
2706.3929868	515.938592664
2722.37085884	36.8917462121
2836.45803176	33.6043268067
2837.47305186	163.745887421
2853.45020273	29.2582394554
2856.47806262	27.6238127108
2868.50572793	27.2084603398
2869.50708334	89.4777006989
2881.5580885	24.23776535
2884.4991015	32.5965111231
2897.47756238	23.7090269596
2975.4770214	48.6732291261
2976.48954388	303.089792068
2977.49023707	915.040818141
2985.61093311	21.1029938009
2999.61606244	37.1593757138
3000.61361392	171.608590497
3061.54024449	90.6956544015
3062.48550951	256.023093449
3101.52891199	32.7908090928
3116.53539564	42.9730620617
3117.52038341	190.460391989
3118.52309808	471.195960331
3133.52317373	76.1031871109
3134.52538613	203.208834622
3200.60956207	26.0019847449
3216.62833061	42.6743900422
