700.22901433	57.2496705273
758.409508715	49.5477207144
766.473548678	106.112194544
783.433299639	77.6956139062
784.477881569	257.711993564
785.465338984	358.805266955
787.426164508	67.8378927817
809.477127654	210.189045011
811.454661889	68.8183075477
822.442034509	41.29652152
834.474647066	73.4129575588
835.468465853	47.7195189832
836.478773595	414.413632597
837.474455313	571.044286677
839.11753469	230.577902239
839.482181643	71.0416459572
840.479478271	83.9156576564
841.491568008	210.35848182
842.496758854	138.068589101
843.44655822	119.433020274
852.474611807	123.156372708
853.469998707	329.407678294
854.480532877	310.249647327
855.092836303	402.385333173
855.476948583	243.971663754
868.503983737	178.067187002
883.516983539	48.509462033
884.505558222	58.0743036316
885.46911838	41.4463106982
886.474706999	166.945479135
887.471404959	159.031859239
892.523167404	119.087412455
895.510261099	46.8826460287
898.551580665	190.379727347
899.544570524	611.205324912
908.533991977	114.481401662
909.531682822	135.143024754
915.500295471	56.2988841197
925.518278285	42.1448296715
928.493951191	67.7082370633
945.497058376	166.629908914
946.491599699	108.927261043
970.537029583	135.952224995
1003.59403839	48.3686453041
1013.55361627	43.8707075074
1048.61556947	56.2775345378
1049.61364163	56.6682237309
1050.59776148	69.4111831552
1052.59106083	42.3758067832
1060.10984417	111.775003942
1067.55681132	40.9454464963
1075.59902837	41.1697341436
1076.60952293	46.0759296102
1077.57845496	52.8434748042
1095.61816075	438.106417749
1105.64088972	2088.51417354
1106.63046145	4164.81632418
1110.61447654	44.8420687459
1111.60535073	52.025085629
1114.55075644	101.831109115
1115.58230285	101.637755461
1120.61721664	88.4193368913
1121.62900537	80.625902405
1122.61041036	103.978157037
1123.59192496	83.1776686921
1125.60624314	58.8189002367
1126.6097397	62.2521194828
1127.61223028	81.4500373685
1128.60510906	65.7992386788
1131.58949439	92.2987919139
1132.55438558	329.465989021
1138.61403096	61.644929487
1143.58640179	50.8514983018
1153.60835	55.6076961696
1161.61242712	42.9784850759
1162.66445137	79.0576856079
1163.65421779	93.1488421464
1165.6186633	47.4917981498
1166.65308982	70.5479096205
1167.63121907	59.9453252256
1168.62424246	48.9684053121
1169.61162298	43.514647291
1177.62971058	106.781193922
1178.6165881	500.724173833
1184.61561047	51.2425449402
1185.6172811	43.8684466535
1186.62716781	62.9056144569
1194.62748061	57.1741659101
1196.63013293	53.8307468945
1197.64310128	46.3085678714
1201.63615084	301.644988258
1202.63237455	1024.95459533
1206.66682734	63.2680860235
1211.6784718	73.4993527244
1213.65882809	72.8569127677
1214.65375003	109.910701305
1216.70324386	109.309131018
1223.6762396	63.1336820364
1224.65227227	92.5856023404
1226.63662303	56.1639568205
1228.73250706	135.483809314
1230.68978989	98.3404584135
1232.69402098	60.6414831781
1233.73710156	3837.18367525
1238.67538177	47.2814538736
1239.6165065	48.76582315
1241.72206775	178.195379432
1243.69305256	77.7266036293
1244.6949707	95.2857186221
1247.69184206	46.3849822618
1248.65831356	52.8296341303
1249.69128564	83.5898387022
1250.66177089	123.775725701
1258.68112956	59.3307938191
1261.70269004	1577.01820097
1265.69208674	67.7601467906
1266.69601669	100.981948003
1267.74175803	843.139084347
1272.70914407	69.8270414217
1277.68782956	81.7712226704
1279.69908016	107.439689883
1281.68999205	189.57135582
1284.67968133	46.8506761463
1289.71093158	52.8525687171
1290.71803937	67.8364093307
1295.68571326	124.943078628
1323.71142103	55.7969852901
1324.70324142	64.1680779832
1325.71469022	101.534685025
1327.70697615	55.5990486638
1333.71275952	54.3451930463
1338.71843626	68.4043752776
1343.73245147	102.412893688
1352.7008476	51.6797074064
1373.76117188	60.6962714164
1389.75422734	55.5391805441
1402.78395674	78.9341447441
1408.77783829	62.7824545901
1421.75887285	54.1049679425
1424.74957055	58.8591053498
1435.80593043	191.448895617
1447.78562261	67.4725126484
1449.77690602	69.0757745488
1451.78959085	108.997025909
1453.82439703	14990.421311
1458.76667863	90.8076312942
1459.77110756	957.452621591
1463.7728238	62.3648655128
1465.77685954	3757.6919935
1469.81320592	1065.00659263
1473.76092265	370.552058612
1481.77965807	81.6326449415
1485.84564646	133.388596466
1491.77485253	134.306849216
1497.79512628	65.0232508673
1510.80426387	294.701153709
1516.84750142	105.285424008
1517.855866	144.986267708
1522.80415596	73.527454898
1528.7860563	141.506008539
1531.80595382	56.7273452897
1532.85679361	70.5868900326
1541.83463318	56.9462112144
1542.86943502	94.6531369835
1544.84272256	110.432609458
1546.85690196	94.2804037929
1548.83940704	76.6546830501
1549.83840704	103.926422467
1559.85332249	64.9437707669
1560.90241103	10327.8250761
1566.84029409	1198.80258751
1574.8676398	90.1836521571
1576.86955895	143.558708977
1578.87365137	103.754105396
1582.85150731	94.2120190133
1584.82723708	73.3084653051
1585.83748796	167.148556587
1586.84461001	1059.89983811
1590.86931651	92.0853941393
1591.86589224	119.133880241
1593.84434693	208.316536468
1594.83378551	418.056427539
1597.85711654	89.7715025178
1599.85697596	87.9256610451
1601.85547551	64.9024958288
1605.87650474	68.0275904573
1607.84859102	85.3941964199
1609.85638025	62.2106576714
1615.89158877	103.156583125
1616.89052777	268.124715703
1624.85613036	67.8400313343
1638.87245003	89.9239770708
1644.86206541	67.4667455794
1646.86539709	71.3344794828
1653.87398608	110.031570553
1655.88369173	556.460638498
1659.90162541	72.2581468078
1661.89864687	62.1543390743
1663.88361365	67.6203854773
1665.86948453	90.3523739161
1667.8810244	75.4866018742
1669.88530812	96.5662959406
1671.88726066	115.023247363
1675.89953621	63.6238967038
1677.88621732	67.7769869554
1678.88289677	94.9080863811
1683.89685483	108.236578587
1686.89009075	69.6495253999
1689.88374519	90.7551170476
1690.89624851	180.619025191
1691.89125379	289.205192444
1698.89399419	106.773933099
1702.92483524	71.7990098818
1703.92470043	95.1919758469
1704.92172084	136.658437175
1706.88209142	461.930043736
1707.87425265	712.551875131
1711.88823267	72.4232418521
1720.94370086	107.347224985
1722.90490022	121.063931652
1723.91243348	157.637271251
1728.95951376	142.295025282
1732.9231665	92.0039540856
1734.94082149	129.359071738
1735.93604314	206.183546916
1736.92584508	377.779382297
1739.92640624	107.536590538
1743.95600464	72.001833982
1744.94844012	99.3765460996
1747.95902699	86.6189739344
1749.92233224	123.62334062
1750.94522732	287.476931627
1753.93346054	149.273675747
1758.98858553	75.6064054819
1759.9478883	98.6740385542
1765.94277638	80.9320670241
1766.93921655	135.223990686
1769.93374078	76.5768390419
1781.96884066	69.0250853111
1795.99280696	229.691701084
1798.96356183	77.8475788812
1799.90830786	307.518532049
1806.9386254	77.3587831766
1811.97819379	65.8894898618
1816.95844718	153.698504489
1831.99648484	109.346280074
1832.96752269	382.378979838
1844.01521766	104.360252519
1848.96820573	146.256337846
1849.96037168	241.422913461
1863.96829984	68.8041712097
1889.03142554	80.9214669638
1901.0191988	74.4779122641
1902.0064912	109.917234195
1925.99653586	68.8546686164
1927.96079659	87.7485217571
1934.03499775	74.7327203838
1935.02294388	109.496060351
1959.03212377	109.890347494
1961.13595182	158.501621048
1974.01514419	77.3077683783
1976.08875478	1131.44567938
1980.02115104	121.355932621
1999.00164181	109.52478577
2015.01880993	82.3549592887
2020.05951918	165.37380941
2026.10195137	128.759727412
2031.04469606	72.5640942624
2034.0659542	87.5011937713
2040.05197614	82.6796375057
2042.09884791	106.738601089
2046.06664812	73.2282844146
2048.0760411	72.0655259951
2050.07142653	110.651904416
2052.06470829	447.941317555
2057.06110926	100.560528871
2058.06820975	622.761198207
2062.07219093	124.665305025
2067.0623598	71.3869210668
2073.07725159	76.168363375
2085.08893678	71.9773150712
2087.109834	76.9191472735
2089.10553921	156.020563765
2090.09575402	346.362385431
2102.12375826	101.785951652
2104.12521386	205.43955345
2106.10773498	750.496423408
2117.08519139	96.9432783261
2119.0918538	123.647114124
2121.1446762	220.448459806
2134.1170825	142.069367469
2135.10685476	426.96742789
2147.17956321	71.3389741928
2150.12253221	71.0206754159
2152.11276958	66.6956515019
2160.13542555	122.05018325
2162.12275957	128.096981515
2163.21813562	2849.29096939
2200.15556661	131.929143062
2216.16517641	1923.19059753
2227.12724893	80.8953249443
2232.14400325	145.768045701
2239.1518861	68.0905331645
2254.15487109	84.2986318056
2256.16488334	764.208721151
2270.17213103	65.5307342934
2272.16139552	180.297389354
2275.1648691	177.502825907
2288.15857016	65.4997726662
2299.18969707	88.2379600074
2316.17580924	85.87748626
2319.16721899	97.5084736484
2338.24743038	90.214263199
2354.21846984	76.2769771249
2370.21440063	127.368253374
2386.22562545	86.3237746405
2394.23285459	63.1719297988
2410.24813661	195.986518319
2411.25856954	499.790921028
2415.22989217	83.1195752876
2426.25223887	59.7768890185
2441.27772825	68.4225995861
2443.24828331	65.1325238044
2445.26394059	74.6909608923
2453.32091019	75.1862826161
2455.29649346	112.435563665
2470.26901043	74.0955819296
2471.31618351	335.888205995
2483.30069953	55.8914103049
2486.26009885	60.4481673081
2487.33102078	194.626549968
2497.30078607	60.7300185165
2499.32271065	75.4537801602
2502.29921067	56.1928030534
2505.27674833	70.4981504318
2510.25814414	68.7063827667
2512.27281006	80.4627989025
2514.28857401	90.0181249969
2526.30873303	62.8504718128
2598.3366508	63.8283051073
2599.33623891	160.171180121
2688.36564519	49.8846917865
2690.34635252	133.050265634
2703.34831041	90.191648502
2704.35220319	456.951023335
2706.35568739	824.118743484
2719.36115747	59.8716777192
2721.36144848	151.200530459
2753.44308982	61.9424369059
2794.42852118	65.6992305565
2853.53795818	538.917952555
2865.46421558	47.5764546986
2869.51983209	109.000544264
2881.4967296	88.8610865477
2958.659347	58.1603969336
2975.5115047	47.0682493199
2976.46938261	345.399297361
2977.45865209	847.061397824
3060.49524019	36.4042616984
3061.49894964	101.185094793
3101.51742819	59.8254183057
3117.49674444	142.500748716
3168.57897367	35.8966867922
3184.56016262	132.243500187
3185.56393381	386.69609547
3212.61990107	108.267045462
3389.6946434	37.9172552239
