701.235259316	14.0581091069
738.430126004	25.9416281403
739.464755876	15.2480818268
740.431353797	20.2976721969
741.422269539	15.5223759428
744.418338776	131.129557566
756.440461688	13.4371520641
757.453173258	12.445621738
758.430913496	44.8165772205
768.403486211	14.4189188268
769.445077532	21.8382888123
770.458437904	12.1743552555
783.477521792	47.1285310753
785.470113308	204.274552838
786.463391812	129.284481711
788.426976821	38.519829516
809.499556401	70.9131484564
811.494556401	35.5951864054
835.45951005	20.6296034205
836.492883832	299.12578816
837.493328481	415.830653455
840.51482922	46.392369655
841.513512739	175.210289983
842.544211832	180.281690851
843.481537361	205.431989909
850.447417567	15.8114943228
851.474116609	17.6623300837
852.497140843	102.76648177
853.486362799	443.6164623
855.500173169	171.908176814
868.525721462	166.82120912
870.597866801	46.9972884668
874.439207335	13.561254178
882.550840702	14.2737435989
883.495815077	12.2376100506
886.517177831	153.288964735
887.500792118	350.750804832
892.551825021	41.7547173793
893.549774561	27.7300939627
895.532521833	21.2525411089
898.572991658	118.475242166
899.565061954	571.889341084
903.476426876	12.2695945653
904.568404651	29.4685526253
908.567668057	125.177518492
910.637142909	48.403936346
915.545691729	20.8113173193
928.502644527	89.8774316818
946.515176005	61.2024991922
948.518948754	19.1055243002
949.484376175	13.5241582431
950.537909603	248.903548875
962.546294644	23.9608847099
970.557902443	45.1050602263
1038.62510284	27.9074734515
1087.65228118	12.4356310971
1095.64347302	331.328901574
1105.65852118	947.303192174
1106.65057444	1598.83146699
1125.62534703	50.8759399276
1126.60496197	95.9668305857
1128.60098926	23.0064341771
1131.60911204	13.2807901874
1132.58639667	168.983793837
1162.6569211	16.2854550891
1177.64063012	40.4259973586
1178.6518309	146.055637576
1193.66934335	19.7115390013
1200.6689549	14.9869498426
1201.68445479	50.4707213232
1202.66412606	172.943850539
1205.68369747	13.8604984328
1211.71328352	14.976473222
1214.69034406	21.4286685478
1215.71062497	24.7968756227
1230.67124786	55.9903156311
1233.76092949	725.810600324
1244.70348255	18.3828756944
1249.65539217	31.9821415465
1261.72409691	793.995792365
1265.74234586	28.7289570713
1267.76750038	371.929029322
1278.69743448	18.4210216257
1280.71977406	24.9173111407
1281.71464491	415.727720794
1332.74734762	16.601218206
1453.85728009	2861.19780433
1458.77420091	18.0858657136
1459.80657953	785.92998906
1465.80602121	1858.20688374
1468.80522918	67.1237423986
1469.84768365	212.87522312
1473.79266511	198.671740595
1510.83712429	89.6837797536
1517.87666158	38.573385509
1528.81387878	59.6192700826
1544.89529679	57.2291397106
1546.88513596	70.7246865354
1549.876441	22.3740741549
1560.93263171	4885.99082017
1562.92075688	3754.26719861
1566.87006555	481.06158347
1576.87746738	57.9499229904
1579.90791122	20.2051422925
1585.86903573	20.0864160649
1586.87533647	936.864802757
1592.87494867	21.1205945131
1594.87108161	416.686871246
1598.86427401	20.0909114053
1615.930112	56.7599057602
1616.92763299	129.559128358
1628.84919343	57.9277931514
1638.91068094	44.038570863
1644.85855283	51.943430342
1647.92369871	26.938729372
1650.89012397	30.3360628946
1655.91582989	145.528612359
1656.91823836	290.072675578
1661.90339003	22.931254219
1663.90781057	24.7943769605
1664.90527863	63.2120274517
1668.91924956	27.5821780936
1670.88715661	24.737715311
1690.91483647	130.758427637
1691.89589406	273.554552864
1701.88075199	31.1805584034
1702.8883751	39.7313816644
1705.94287084	21.5993022776
1706.9024374	791.154454963
1707.89394378	1946.08915178
1722.9734446	43.0015511996
1723.96338053	56.1976590636
1728.94381732	20.2880371344
1734.00044803	38.6752685079
1736.95352912	93.4127459712
1750.96007355	137.930418685
1754.02320556	42.6347980991
1759.84132373	19.0393237971
1760.82872111	83.0650005572
1767.9807031	20.5571429257
1768.97064532	31.2119252581
1777.40803169	60.249287985
1784.93347823	25.8532096514
1793.0015245	23.9822048337
1793.39583566	37.2864351156
1799.92779176	79.6597953379
1816.99507779	64.3448078127
1832.9922479	327.042511516
1848.97885734	219.907764415
1863.99061789	20.214227339
2016.07848866	36.4992228299
2020.0859177	27.3881760652
2021.09973236	78.0389296104
2052.13098014	72.3537938166
2053.11846761	196.472358677
2058.11034565	273.846971736
2089.14346173	43.2148022202
2090.13579064	180.326715347
2105.13560177	73.2498413732
2106.1358649	340.236086143
2118.11401761	20.0302885006
2122.12222632	67.5641092831
2134.14308672	209.816524666
2135.13588461	727.966870088
2150.11743932	47.323478103
2151.12777142	175.087786414
2161.21343404	29.7179180743
2163.2512684	639.35974297
2200.20257303	24.2345392229
2216.21151598	688.082130304
2232.20949154	112.575795938
2256.21766609	40.2175695985
2274.26432003	50.3910936891
2301.21047552	37.203400744
2302.24137007	68.4608397684
2316.21771163	82.6944383565
2317.22272532	233.107796039
2337.32703784	39.5148126357
2338.33429087	78.3499095841
2358.29021988	21.0454922971
2395.28624673	21.4835085038
2399.35523489	16.1816838722
2411.29813339	101.153481356
2415.30131341	37.4638810092
2502.34260551	28.2519648191
2526.33207951	15.8511548147
2549.32720011	15.159977563
2582.37509952	21.7371161174
2599.39869886	111.47508446
2690.45146498	37.3267663877
2704.38855863	22.9672469105
2705.44189503	115.818365952
2706.43810221	434.92005079
2720.46547175	21.853294933
2792.49433491	17.4292362166
2793.51748133	74.2136270665
2853.62977081	143.081203579
2869.59884987	52.2022881608
2881.56398886	12.1578092889
2897.50907642	20.078185023
2958.68928934	17.6638889975
2975.57536707	17.5695400785
2976.5550198	142.438660364
2977.54141253	408.827499756
3060.59711885	11.2014713313
3061.5682038	46.8661599648
3101.57379043	27.8819373435
3102.58926225	79.5260443233
3117.58855519	39.8052984817
3118.60489645	99.0369034268
3212.71227284	32.4830903795
3228.68507034	9.16707838777
