707.116438101	202.383784444
817.23857779	273.693042203
833.176276087	5307.88650756
836.50367897	961.267595667
837.498612354	1098.32159606
839.18478247	569.053986752
839.480253719	131.089197623
840.524714138	155.182222868
841.525754378	383.667937444
852.496554312	242.115120888
853.492762359	554.783926153
854.489803895	546.109729813
855.154956378	4110.81462893
855.465117837	760.517139057
868.534326606	522.513947443
869.52441641	533.10354557
884.32406582	447.759841305
886.494359802	203.240587837
892.57166239	569.102933114
898.586147405	154.461655889
900.258487057	1663.69942051
908.568429302	267.613516991
950.54225308	380.033805655
1022.20416282	708.662050016
1044.19768087	2128.75250623
1060.17364379	12635.8054105
1064.17263237	397.803013962
1088.69329931	190.840817647
1095.65832765	2826.56744061
1105.67523951	7411.2054329
1106.66704473	9774.99065856
1110.6395442	338.551573766
1120.64230902	125.826878239
1121.64667657	133.209948903
1126.61293239	307.25968335
1143.62646257	172.986635288
1159.40313563	242.832850349
1162.70251351	166.410233518
1163.70135823	143.512940216
1164.69447672	185.811315958
1177.67255758	113.589894253
1178.6607944	309.782472509
1182.70512611	597.175958162
1192.76759243	273.988525413
1193.76209335	533.246102707
1202.67260761	280.392549011
1206.70372173	213.205796879
1208.7741723	2490.05633617
1209.76595254	6052.62954842
1249.24024053	718.115722782
1249.7086222	178.183609485
1250.69820541	243.440721263
1261.73363021	4050.63491694
1265.70080115	145.163956181
1266.71469455	189.958547969
1267.77176058	1758.94747062
1271.21627985	310.652747167
1273.77724484	143.58939044
1277.72425511	212.403362373
1278.73160963	308.92479216
1279.74050932	314.066682467
1281.72603772	1135.70346471
1315.20938332	758.377592374
1324.75933331	211.063661149
1325.73573431	284.741488204
1328.79221713	721.762756596
1332.78064778	117.705182416
1333.76555951	229.80745164
1335.74403741	181.406637698
1343.78132503	175.067794875
1344.7698579	195.973501556
1374.84118122	165.062823391
1385.79026119	144.036055003
1389.7656689	146.182180425
1390.81465287	201.840527111
1402.81681936	154.026653392
1403.82804419	210.688383489
1427.84579488	9571.74328011
1435.79882774	8063.61544158
1443.82928427	415.024596427
1446.85514266	129.947882772
1447.86170815	249.550799478
1457.82530857	179.769079679
1459.81228472	3496.00097298
1460.24692462	249.492433204
1463.82680971	150.701888676
1473.79413636	1377.91327776
1476.23265765	1153.38929876
1485.88810226	314.136867787
1489.86620631	230.156383028
1492.81365348	398.36824333
1504.88451884	209.129864495
1516.89738385	347.412104896
1517.88412918	585.265017819
1524.8531403	125.81972459
1525.847203	170.465963224
1529.85346478	130.911196151
1532.90354789	5936.45331776
1537.86188919	154.429424968
1538.84557109	290.330625171
1541.87364756	209.353570053
1544.88709905	278.122372861
1545.8951098	331.430903441
1547.90308423	267.411261105
1549.88453449	247.376198363
1558.8981045	127.515489128
1559.91474947	177.403760274
1560.94225193	27975.0409333
1562.93014811	22343.8967951
1564.44323895	314.605586553
1570.86058302	138.287625133
1572.91096365	193.126562305
1574.9133301	195.054632689
1575.92272854	302.224724501
1576.9275274	746.449232038
1578.91606581	492.306165845
1580.89228217	4428.32168149
1585.90083832	268.529918401
1586.88165363	3726.7536099
1590.90085424	210.402564905
1591.91340538	324.466651443
1592.90649186	532.464621908
1598.89681588	211.923218458
1600.89576705	164.09592345
1602.89806737	167.987400273
1604.91427578	257.307800871
1606.91992645	162.135933826
1615.93963349	424.549557403
1616.94061136	1224.02964071
1628.88193686	275.439004472
1631.9186199	139.614862695
1638.92333908	155.69770268
1643.91468552	175.111561909
1644.88030659	419.715491813
1646.9057029	259.697686436
1648.95883673	6011.25945138
1654.90468565	160.9779053
1655.92632353	701.234906314
1656.92796208	1352.6391168
1661.93622967	155.392480521
1662.92388251	241.604351187
1664.92761996	340.74665757
1670.93078426	197.529356833
1672.94735246	193.377369515
1674.9646077	217.521094876
1676.95065719	228.270845442
1678.95811708	229.37090439
1680.93179388	253.626195765
1686.93438952	151.033766839
1688.96291161	228.437601297
1690.93980432	529.418418215
1691.92725555	850.325619042
1700.96790467	131.59284396
1701.93966269	206.825131018
1703.98931162	291.096750782
1705.98936186	282.958009549
1706.91899132	3596.25553974
1707.90648853	8064.34599649
1713.97008526	131.701853104
1720.95452375	163.307764404
1722.9585429	201.470390043
1723.95807546	290.56341933
1726.97467243	131.153224265
1727.97677232	263.397073039
1728.99788339	338.866134879
1731.99433453	165.21960251
1733.98182273	223.764429099
1744.97944441	175.385336349
1759.92675075	226.381759695
1760.85792366	459.227428592
1764.96990171	137.824555314
1766.98563428	161.538622064
1777.01078176	152.740907705
1777.40105952	250.262059049
1778.00822196	211.032899388
1785.00515734	188.733236515
1793.40819169	535.579973746
1799.94871587	495.812687361
1804.03118248	125.089409014
1805.03542421	215.357739348
1814.01691232	406.359431825
1817.01305912	292.864604975
1819.02120146	244.80316909
1821.01361579	195.745683594
1822.98885395	259.994124292
1824.96529038	368.121237047
1830.03395092	126.630851384
1832.05782429	227.8278393
1833.01295598	1394.5430236
1846.0516263	144.68992813
1848.05113671	204.132506128
1849.00535823	2530.97916796
1864.01845189	371.740354733
1865.00537168	743.512748509
1902.04070178	205.18321765
1959.06633635	205.591763523
1976.12982271	146.616880489
1999.08902265	127.833027944
2014.063203	169.141281743
2016.09783428	303.771210636
2021.09918862	209.020986039
2042.23858161	162.72128775
2043.2222934	317.264236851
2052.11472396	149.833979077
2053.1302025	278.652929525
2057.14396468	190.681537309
2058.12357568	2176.53302252
2073.15308571	122.758037114
2074.15367459	538.270011969
2075.15114261	956.227704459
2088.13856646	117.664719205
2089.15566569	314.143606132
2090.15199809	1447.92141184
2091.14187628	2482.83808257
2105.14744461	147.33622265
2106.14279149	497.232398037
2117.13697564	192.431436506
2121.1513025	173.760880906
2124.12827126	112.333178416
2131.27085071	1775.23304696
2135.15752976	798.270028892
2150.18660283	134.011549466
2151.18071284	1437.81960771
2156.15042149	125.730669887
2160.2451086	172.851126708
2208.18786865	109.076826608
2215.20602148	177.69067496
2216.22524707	5554.2108304
2227.19893305	200.359007741
2228.1667363	466.48448493
2232.21707026	434.645757913
2255.19770243	104.817677709
2257.21964853	185.210631496
2266.2292928	144.652933876
2271.22466473	107.645147804
2273.22258655	279.346695346
2286.2894469	106.188292223
2302.26566215	151.295987525
2308.29126749	185.7745193
2316.26336889	103.030359687
2318.21898574	222.015992042
2324.27149293	120.303122009
2358.27187933	164.108777754
2359.27294633	311.291434798
2369.28845209	140.360351182
2370.2896921	334.832157033
2385.30246119	119.556587916
2386.28771948	221.568227532
2394.26411576	97.0169032691
2397.31644802	94.2031192074
2410.30894866	120.927196071
2411.3088088	323.541955299
2415.30454247	437.632851356
2427.30504156	154.289465596
2442.34234294	99.940587208
2456.36810799	121.204551227
2469.36386227	91.3046946236
2471.37690834	255.575174461
2486.38535593	114.608528764
2487.39983385	1070.30279397
2497.37888174	112.810237495
2500.38180556	100.386858254
2502.35381773	206.49502417
2508.34188071	87.5252286476
2513.37879579	392.929590768
2526.3556531	89.66724548
2549.37003011	219.107043925
2582.40388663	153.939553681
2583.40872658	555.921905973
2704.44717886	126.540352696
2705.44070283	328.12326618
2706.44735156	898.207373875
2720.43345652	118.935059014
2781.5046301	79.6376403112
2794.515516	94.1091356337
2853.61496376	1297.01119107
2869.59032317	113.858420976
2881.58970289	123.251556783
3003.55228527	61.2356639365
3018.55649598	552.831215872
3019.5502116	1730.32077835
3060.59436449	92.1923887924
3061.59247143	349.857721011
3101.62317943	90.1506514811
3116.58956826	52.2138326483
3117.5874845	353.989124604
3118.59077013	891.132930785
3134.60924628	50.9868734357
3185.64417396	57.4205182947
3228.68221538	72.385283304
