743.378237148	133.005601786
744.352145607	1690.85483674
758.364478514	316.5625465
769.38035654	149.48799321
783.421300731	130.606718893
784.394812961	167.092588415
785.391640619	329.946252703
786.363648469	501.887626438
787.383782342	598.441377275
799.396552568	126.777867866
804.351378463	198.99488429
835.360949177	141.614641804
836.411777612	3665.26611263
837.406151326	5467.70235235
840.440576065	420.90540265
841.43551864	2246.21472572
842.485013105	5536.53217356
851.416808665	538.825034001
852.413995792	1294.57863114
853.399050302	3689.02835975
856.49582474	725.773309733
867.415120854	126.376493381
868.44241941	1918.22341454
869.428919164	3356.68407555
886.41019945	665.097782305
887.400015883	2006.23009183
891.395440492	131.292027873
898.479448277	661.868138953
899.472327217	4490.90357848
908.434515471	3369.23659143
910.554854657	823.483065511
912.43325207	862.539034179
923.471824171	396.298813836
924.548002315	425.80754813
927.434268872	125.454803358
943.415445875	146.734677948
944.398372197	266.315554753
949.370767697	258.940611791
960.488577758	311.669171804
961.443583377	477.195132104
962.396795959	798.404050142
976.487191673	2851.70807486
988.433780678	284.897919845
992.459783947	406.363871682
1003.43393892	204.707693162
1011.6073156	2566.41939203
1058.46099625	464.850135231
1060.48579514	413.059107842
1068.49866598	162.242412392
1073.52140257	196.142374457
1083.49939936	234.577938415
1088.49304476	329.228410691
1095.50440899	118.64184748
1105.53256871	6378.30552372
1106.52316205	13375.7346214
1110.64009259	172.039161612
1112.49941123	132.157653392
1113.48474199	133.388813273
1121.51319402	115.922287399
1122.50958896	137.116245966
1123.49402638	176.977134759
1124.50379623	153.969549087
1125.5274027	3161.27468062
1126.49892819	4079.54544184
1132.43654195	1775.75885046
1139.50717665	177.479188157
1141.5091173	142.991781163
1142.47939239	180.939548999
1154.51194141	217.763270622
1157.45939736	146.452560992
1158.43403213	293.178135706
1159.48875865	245.443506794
1160.51123744	513.716620248
1162.54853506	200.043471337
1164.54520492	641.111448144
1166.53881376	215.780890773
1176.53397854	114.765720975
1177.52952658	204.118106049
1178.51523628	579.624035998
1180.53711348	178.182475718
1181.53968582	294.749014265
1182.5611128	3343.52296513
1187.57071369	1345.74583441
1189.53696478	416.169696272
1193.52317999	188.912065803
1194.53003793	212.83041632
1198.5391854	171.339424871
1199.55833955	226.459857044
1203.57142246	2236.8971659
1209.52004662	191.106363659
1210.53550787	218.174752724
1211.53543364	256.245798832
1219.55744231	305.17921138
1221.5684344	144.740902334
1226.54911662	144.170947437
1227.53318483	224.298666091
1235.55577104	379.554655168
1237.54562825	187.447423869
1239.63762995	260.59669815
1241.55294024	152.803522184
1244.55418779	169.023440424
1248.60132611	397.073470348
1249.58741393	405.742761826
1251.54233131	267.443205673
1253.5795153	203.736599202
1255.54935416	123.441322795
1264.5436264	158.811730024
1265.50658532	573.956474382
1267.54325548	3224.78082912
1270.5643146	324.269399644
1278.58198611	164.451208966
1280.54455704	178.083898268
1281.56161224	175.010798124
1292.58314733	122.116443829
1293.63262302	3881.54384761
1306.56891292	180.429595238
1307.57644551	529.91429045
1309.56920955	235.680656562
1310.56895684	282.81585758
1323.58140181	136.760501126
1324.5683932	175.452376461
1325.56537177	279.428213585
1328.58743748	615.120649083
1338.75327469	368.929722596
1343.60150039	186.696771273
1344.59321838	271.700462607
1353.57826333	2943.48483708
1420.61595391	274.156131672
1435.64250896	152.548121103
1443.62858734	9704.07001278
1447.65147831	339.62597309
1451.60961414	4947.35115166
1453.67314932	18212.329829
1458.65570578	189.543879568
1467.65218616	149.490555506
1469.667853	1238.08363107
1478.61403423	400.962349801
1490.66522332	293.124862464
1494.63135996	185.00477341
1496.63767952	1249.02360375
1501.66074889	249.024574879
1506.64229893	603.000253124
1515.67574257	145.078866407
1517.68661079	387.539553091
1520.68964811	184.039271156
1530.67504072	154.918724554
1531.68669238	198.668659591
1532.70984084	22187.4634355
1537.67913071	350.94453568
1544.69074668	237.677290234
1546.71157107	893.169247188
1548.70580221	644.835660783
1549.66597482	1356.91324279
1560.72741067	508.785885324
1561.73466894	924.107394031
1562.7114168	20500.5567313
1566.67935546	5529.04101922
1574.7204194	191.861916077
1576.73437765	7414.48669572
1581.69970189	196.097661714
1582.69203112	299.753398368
1584.67920058	268.357730882
1586.68374129	7559.73898103
1590.7278427	834.977438483
1592.75392207	3232.38083943
1599.72031538	189.172769553
1606.72850067	162.894957433
1608.69211704	2329.49455532
1616.72309928	181.370072423
1618.75828638	175.32259608
1622.70134292	189.20931519
1624.6994605	250.021335684
1626.69803213	173.758958119
1628.68182229	535.492990073
1631.72422949	368.224149277
1632.73019266	1202.39793584
1635.72798695	272.94448718
1637.71432739	197.290012869
1644.67298294	579.866839575
1654.7100565	160.959709139
1655.73027618	765.037193545
1664.71075474	272.205197223
1665.69253516	576.570394226
1668.73300056	198.100062442
1669.72061212	268.853187475
1671.70754428	330.171543987
1672.68049194	443.190524955
1680.68236889	1612.74184977
1681.6684086	6733.34000657
1685.71267999	271.638505995
1693.75427953	209.09989211
1695.733346	294.427679633
1697.72819008	190.04320665
1701.75777929	266.310783853
1703.77056607	199.918864094
1706.74925556	178.390921335
1712.73520419	152.009113268
1722.77018532	238.652885125
1723.76502004	507.919528463
1726.77374043	207.670088419
1733.78748097	381.069368428
1736.76610059	363.620482671
1744.75726253	200.218238071
1750.76369677	276.679081534
1751.75873702	481.464533652
1752.74253355	1876.12329155
1759.70360691	227.744206741
1760.63818321	795.708306254
1765.75062139	247.228794097
1766.77176787	504.102855961
1767.75037658	712.474096111
1777.23246668	623.370007748
1781.76815973	149.978117836
1782.73682348	308.203943737
1783.7349028	550.147401454
1793.20627329	577.33966447
1800.77641148	143.685503883
1815.80386167	169.062815828
1816.79075893	425.030406433
1817.80829563	706.616237241
1819.79242014	463.10717733
1820.76223233	715.457319193
1823.75634845	289.415896383
1825.8066862	265.068810497
1832.78143894	2076.47001027
1838.7672013	178.29725204
1841.81508975	1280.02209762
1848.77470121	2312.14989041
1864.78618415	203.995395781
1905.86029132	197.593368305
1973.84724713	232.065344046
2038.85993819	824.926663149
2052.88620741	160.692089356
2067.8665323	120.880745337
2091.88987607	157.192294867
2092.87442652	538.170455593
2105.89029334	292.898092481
2106.88963655	708.27568791
2108.87710504	927.458485532
2120.92210954	134.981437289
2121.90352175	856.513380646
2122.88853376	2307.40920235
2136.9109313	113.243308749
2137.89644168	508.152770038
2138.88625083	1351.01498233
2143.06231696	3803.32397478
2153.94963695	124.633115914
2157.02770509	243.722805881
2168.96667455	129.047892328
2171.02743841	310.978437416
2184.97712207	167.068293204
2190.03019573	142.614615481
2191.03629843	309.022865228
2245.92814302	158.456942576
2246.88639526	520.549196361
2282.04139829	107.473252958
2288.00540586	119.308092115
2308.04251619	220.672621672
2309.06364852	439.760669524
2316.00751399	113.23601723
2317.9549405	277.951933076
2324.00230009	137.985130245
2333.03823688	103.775100682
2351.06653894	117.695838173
2367.02268338	130.796120611
2385.1131021	109.603962696
2390.0599492	99.4631767159
2405.01581837	111.033691836
2413.11242718	107.867669583
2492.06879067	121.3787256
2563.11980227	162.585683332
2597.17443971	1094.94918458
2665.20623518	107.998555805
2679.18227284	184.267760756
2680.15950738	608.2435044
2695.15733662	314.784299557
2696.14914938	1531.55376554
2788.25313969	79.7745836015
2867.26509596	173.274047225
2925.32970864	99.8930838343
2941.34606461	1084.65568518
2944.37076364	2393.82868516
3004.30370891	223.063755557
3005.28967451	882.843253119
3045.3372463	94.7418674769
3060.38905277	58.3113264249
3061.35125177	236.417261329
3101.33568612	88.2646054039
3102.3165329	230.406300998
3117.32004354	213.460234021
3118.29382659	555.423752824
