805.46466018	344.953122152
809.477067045	309.424383397
811.456568171	277.012270415
821.488073068	110.462845171
822.489350086	127.594253192
826.474341568	110.456744397
827.485226038	130.686381954
835.469432567	184.066064851
836.472438781	1500.12595739
839.489065802	134.21999415
840.50371511	449.500477618
841.50099055	317.698611401
842.490676385	226.924727755
851.46939419	199.022136682
852.486155033	594.324495335
854.482085356	147.513211382
855.490437602	123.016910773
868.509068472	1563.81895273
873.462402344	114.105873131
886.488302581	392.874630325
892.526565051	416.53429316
894.539933985	176.803405122
897.54596242	128.096878579
898.555951174	10399.3518551
902.540432094	197.307630843
903.533435249	154.358480813
904.523589036	147.850721793
905.532189577	193.205509898
908.539839586	739.941045314
910.54232047	232.695707948
920.548575354	355.174216567
922.545970128	243.780199541
926.545776612	127.452904407
926.622221868	115.867597029
927.533699799	166.492657292
934.526174007	147.443337824
935.512888434	109.475426787
942.49435798	167.790702795
950.530879053	491.101620629
952.538215649	183.414458009
953.546229987	202.380875532
954.510223721	978.513467726
956.522140717	225.314464389
968.560342224	166.144507871
969.574582811	129.983226294
970.516076581	203.522880368
971.504990841	297.545240642
972.495897743	228.45622105
976.524156741	112.105793398
977.57307352	147.582974724
980.534771006	138.715624996
983.557838085	230.97264635
992.592385609	388.880055463
993.593711025	301.348527652
995.515014397	128.922967882
1001.50639657	1120.91239317
1003.49606605	228.281337734
1006.61022506	120.669551364
1007.60806806	105.967716391
1008.51172634	144.682570879
1009.57464538	164.385257372
1010.54927488	311.956107091
1012.51735879	120.95934054
1013.57627953	136.091423644
1023.6051901	126.754763354
1029.55600335	153.013496825
1046.58800886	105.29399515
1047.58590048	104.955327765
1048.61128854	132.436879841
1067.58516308	116.674976631
1068.57817603	109.193625793
1069.63382772	105.180802428
1079.54914878	108.212316474
1080.6458593	119.348888224
1086.6100974	122.877728571
1087.61830502	160.740741591
1088.5828246	197.799708293
1095.60930219	574.148343143
1105.61906728	6534.48399356
1109.63828131	108.904901611
1110.57736373	176.047422268
1111.59313473	154.285887714
1112.62030209	124.055243478
1117.61298091	101.867040578
1125.57735734	349.661082209
1127.59221874	297.4485859
1131.6260644	102.762233707
1132.56067703	151.870651016
1137.59263638	104.014048367
1138.61053872	194.868367883
1142.66419686	317.899350943
1146.65514938	127.956626756
1147.64122929	135.066707621
1161.62375664	2128.95315273
1164.63906316	253.627220226
1177.63288103	415.646897231
1179.6372775	131.412720559
1182.61896839	147.784403507
1183.61603842	235.829190916
1191.65815852	121.620351274
1192.65071387	101.927174348
1199.62152131	105.881702066
1200.61084371	550.417023152
1201.62652696	1433.53094874
1207.65488437	792.746101314
1214.64927797	214.594607147
1215.64646012	222.73965003
1223.63619593	248.511964772
1225.66396286	118.078794732
1230.67814102	166.071831752
1239.72107206	350.387221987
1251.67016062	182.117120439
1259.68198312	159.845121178
1261.66824675	1459.22569483
1264.66581591	144.612931751
1267.70788125	2025.06706826
1279.66530151	295.795652824
1281.66292175	838.15112108
1294.70143262	230.024569022
1308.70113474	169.83309148
1318.65021396	221.857995356
1324.665491	120.46587224
1343.69813863	260.004742309
1354.66827845	131.816954005
1415.70396318	175.417680164
1434.79011787	331.794291421
1435.77849212	496.198720695
1437.76081959	329.33837234
1440.74451953	174.899252861
1452.77630534	207.904873406
1453.78217752	32944.5621519
1458.73360555	769.472056934
1459.7277808	17236.9856916
1465.73162914	3017.95353645
1469.77657767	2165.86613536
1473.71286292	2775.63726213
1483.96305556	307.752554962
1510.76169699	198.463110197
1516.82011379	510.519798895
1523.79777272	2710.84274247
1539.79132618	874.545979806
1542.82200624	322.426545162
1545.85202334	330.601663479
1547.83008298	285.677452848
1560.85223652	23791.4222383
1562.84818514	20315.1160923
1566.79702634	1339.00997407
1584.82410208	193.349669936
1585.81651461	744.688331968
1586.80139045	9659.48826257
1588.86610497	12854.4309524
1604.83060048	288.930979578
1606.86974175	214.038902552
1615.85283492	4817.83440906
1620.83331764	256.756913991
1623.80962501	306.702711489
1624.80593598	1877.99706422
1655.8319022	333.512224044
1658.84829964	1104.99075579
1661.15667825	850.425164911
1676.89292821	228.674852914
1679.84683597	381.965885795
1680.84982933	545.848840585
1682.86002378	563.860740904
1683.86169315	1213.59456985
1690.83029585	829.316112255
1694.86206898	229.229836972
1696.85182298	196.04047531
1698.86063124	1327.70393049
1701.86521622	524.726136439
1705.88475003	203.405300857
1706.81705651	3420.13877058
1710.89945347	773.363508322
1721.89562907	199.383152245
1726.90211306	7731.81000977
1743.8515669	412.092664239
1748.87072473	331.653579507
1750.8916699	364.707937233
1752.88847669	223.833770926
1754.91255672	296.733034329
1763.91427208	216.885228596
1764.93702104	547.825725987
1765.89926773	1150.56870574
1768.89883893	776.651239515
1769.9050915	1137.49769504
1774.90798739	237.855349884
1775.91437759	304.60649743
1776.94913536	3125.33243572
1780.92067561	803.221834984
1783.92198588	311.918668426
1784.91788061	440.141248862
1786.90509473	292.187097085
1788.88411831	227.57363519
1790.88881022	277.187493315
1792.94097411	2231.62775598
1796.93355233	216.856059148
1797.92626266	276.7389173
1798.90380479	417.72131055
1800.92369336	701.710703513
1803.92193379	506.477735496
1805.84275075	797.412902865
1814.90981651	224.752853733
1816.9072466	19050.5690705
1822.85202735	1769.89892019
1830.91760276	229.110301486
1832.9049695	16880.9244053
1838.87591634	272.298559292
1840.94286863	432.652379761
1848.90137826	2045.98865113
1863.92501309	230.245168771
1888.95301561	1723.1015865
2020.00857315	729.658043249
2042.08212641	230.191147743
2050.01817447	179.659746805
2052.0109092	635.903164742
2057.0308586	388.4368527
2058.0121422	733.675418836
2061.01010666	394.90471188
2074.02641376	197.576979631
2089.04396072	4798.79548653
2094.07236473	331.455530435
2105.04653848	12816.5178268
2121.04128179	3424.24969265
2134.02966613	1765.55914846
2147.15004176	6365.15543029
2156.01928136	382.231465981
2158.98296746	285.243186888
2165.09068044	2361.87206437
2199.01620578	3201.65535868
2228.06678054	169.284311905
2244.07234691	271.163915214
2263.10482628	137.829028089
2269.1923483	175.247451054
2284.19073865	4245.30613805
2297.16331911	123.848053932
2300.12406027	220.165449842
2302.18372121	510.048922749
2306.14394623	257.25107744
2309.13049703	323.797004313
2316.0919705	446.21136669
2323.16652137	123.370124249
2324.14304445	373.509757826
2337.17828233	349.789614799
2340.13848338	407.65329104
2361.17359802	145.446149446
2438.1877904	124.511893346
2453.20481667	126.63943382
2455.25355834	658.605351274
2471.26635584	297.957330752
2485.21031819	330.507028248
2499.26590332	189.051676108
2501.22532772	1390.70574759
2548.25273934	179.406005849
2598.26988134	639.115132761
2599.26440195	1398.7043939
2649.31797855	188.632580094
2660.33973851	130.978072226
2663.30933644	117.789699498
2665.36836035	243.558951164
2670.30118814	109.387571784
2673.32775937	536.506454213
2678.82334454	240.542514202
2687.30356582	305.477647177
2689.32725441	7706.56124375
2697.39504758	214.959748686
2701.38842301	190.961454495
2703.38476896	336.366583265
2705.34977867	32037.1375993
2715.19759706	242.082094262
2717.33065823	201.314015866
2719.28672439	277.601640363
2721.3404539	424.310153057
2726.39740309	107.485815574
2728.31424604	342.176896732
2753.47281932	116.5207652
2771.3807999	107.302893207
2776.42003296	142.777499088
2791.450573	211.393582291
2792.41996019	3566.71185249
2798.45038004	133.504106906
2799.44950682	300.92886541
2808.42414512	1203.41591603
2853.50295045	1910.87495696
2869.49833471	841.813601214
2881.47126471	138.168018253
2959.48487435	85.7486201841
2973.51775592	88.6312838894
2975.45030614	2663.23843953
2999.58205027	375.549074395
3000.58680407	869.064267258
3045.14243071	88.0029867063
3053.49587949	134.063200419
3060.15696065	1391.06648717
3061.15805197	3390.65197654
3083.55067376	91.3855404802
3084.53903441	323.727244946
3100.516636	6593.6306635
3116.50914273	573.525005912
3122.50709418	69.9329765779
3242.59682145	57.9776822656
