704.237797332	930.943974417
705.216288228	1131.41404044
706.225751272	1241.79477631
707.221857343	2096.12325247
708.220289267	1101.7925854
711.224447661	813.809817057
712.243169599	917.27080907
713.219777828	1014.94969788
714.223046153	907.286002622
715.229640049	867.856452604
716.247979303	1220.06050268
717.24211385	1147.98042209
718.244851947	1327.97257624
728.23439394	1427.57243747
729.232715092	830.287363508
730.233487675	1272.30648457
731.231326659	999.884065093
732.240208267	1287.65243534
733.238294923	1041.77407465
734.229114378	1173.71731568
735.232112144	789.854768036
748.244931605	829.083990282
755.253540352	1053.88148619
756.2512156	1015.34925418
783.439895247	1445.53051012
784.45718082	1134.46726514
785.445770712	4472.21257324
799.260649575	2487.65170082
801.409904162	1403.89471345
809.464613068	1638.17265735
811.256742629	1044.302062
812.257924817	789.363651294
813.276641172	1637.81294651
822.279578537	808.503374712
833.111686801	3117.56597988
836.27966122	1035.15137373
837.283539904	879.058546396
840.500487757	3107.70595497
842.463092315	2066.90783675
852.471605629	3907.57292941
854.481342303	2913.154059
855.091667661	8514.23101966
866.485578615	6827.4653912
868.500235819	3054.75878043
886.480733718	3599.04191279
890.448585495	911.042994002
898.553879193	8148.31298127
905.304950509	1326.7976725
924.529467638	1819.24372965
945.487167167	1509.58757652
970.522289055	1555.46523924
995.057760856	794.771093059
995.5525826	1809.00375593
1029.04987128	1110.64863059
1060.10837158	4637.61069453
1095.61705026	4726.44956717
1105.634422	42480.6333919
1110.60508087	1201.50083795
1121.62560834	924.289750276
1127.6044746	1216.70373749
1132.55347415	1913.13317133
1143.58423136	1035.90865056
1177.62815394	1865.43889653
1201.63779185	2016.83853258
1214.64144452	900.890663409
1221.67822334	2562.73863102
1230.6326125	1152.68545476
1251.66085951	1626.3769991
1264.62448356	768.711370822
1265.65156288	885.394014431
1267.72663019	5626.19700772
1280.65970944	772.914464061
1281.6675079	1762.15362213
1328.69358473	1264.0834433
1332.70101113	1974.33474904
1352.16541041	1148.72908526
1352.68058929	2323.42314926
1372.21361113	1799.97178416
1372.71451172	2837.27684603
1396.72859282	1117.83811249
1408.73479706	755.133128708
1409.76532461	950.804081451
1427.25576828	1454.51656545
1427.75406957	3793.93118248
1435.74804976	1329.62289236
1437.73781093	1152.35372028
1438.74214118	1387.81708847
1448.7458348	815.221002824
1449.74176501	1451.11842156
1451.76031175	1483.67776208
1453.7905372	64633.3522059
1457.74756542	4151.25449149
1459.73589746	16295.5728368
1465.73775043	12438.6137603
1469.7757093	5035.66162162
1473.71716586	4794.76832793
1481.73534752	960.032725947
1489.81714939	926.657639735
1491.760084	1085.75452457
1496.72446796	1107.16798633
1510.76060581	985.985787173
1538.78779559	2289.76350588
1544.79579376	840.572570056
1545.81380425	1766.54671401
1546.83388319	9033.70597347
1553.79976128	1307.71498699
1558.75199177	1845.92297711
1561.83043117	8187.35267198
1562.83930525	15065.509136
1566.79185042	5109.53119799
1569.79688894	3357.66278966
1582.79482889	853.952875109
1583.76632441	1537.30135017
1585.80472259	6610.48251314
1586.80080368	12271.0214147
1590.82388347	950.518985231
1592.81524845	869.456786959
1599.82545346	1237.6351092
1601.80463161	2184.33780444
1615.84657463	4332.98040634
1623.80033009	2878.59114775
1624.79802943	4255.80005752
1636.80130525	914.247773509
1648.8202207	1207.83050165
1653.80351124	969.633670864
1655.82083826	2196.59804109
1664.79562307	6710.24268966
1674.83075259	1370.61207249
1680.78829072	5760.64701541
1683.81903093	1979.57909488
1691.85031791	954.124684813
1693.83103175	1049.2299516
1694.82743133	1375.91927258
1696.84669947	1256.94558133
1698.83061862	1361.1660767
1703.85526608	1216.73440331
1705.84142833	1025.31915408
1707.82422063	1035.90642032
1709.83425377	1192.96609996
1710.89244879	17945.7093344
1719.85003169	951.432254765
1720.86190032	1320.00585033
1721.84825433	1744.18882412
1723.8445132	1271.59138055
1725.84302132	975.709228516
1726.88482243	11472.265153
1730.87382933	1407.52057076
1732.86008558	1107.11214722
1735.8553852	2103.76561113
1736.85186849	3057.25285301
1738.85211241	2115.37681397
1742.83499408	1102.52519936
1745.85675436	1083.9875328
1752.86558292	1390.57373916
1754.8778298	1528.25695248
1758.80704366	1270.54466632
1759.77864479	1846.69248151
1761.84257204	1287.95625114
1763.87651224	1205.03022413
1764.90458558	2077.5007584
1767.88211073	1293.75384112
1769.87918317	1473.489075
1777.31965079	2824.75476231
1778.86845809	1430.20192969
1779.8812201	5289.19025326
1780.8804176	7458.82134598
1783.87153222	1617.79882682
1785.86300701	1294.32886927
1790.87097539	1016.44767915
1793.31366879	1298.23921882
1793.88448636	1119.90771448
1798.84709721	1554.98414543
1799.83103848	2278.22227743
1801.86621611	2534.34134221
1812.89121759	4509.30384354
1816.8755093	6676.29043639
1830.88877467	1150.7008735
1832.87072095	11650.9879478
1848.86456993	5968.05765352
1854.90858058	1158.50313348
1863.88808811	1360.43499784
1872.92499182	3094.11477905
1888.91708557	2697.30858033
1922.94321192	1298.87828052
1971.96609853	1173.73177706
1974.10011131	3100.64173416
1986.9609818	1368.77318862
1988.98393443	10263.8030641
1989.97944273	19975.3674823
2002.97396261	4409.44389407
2003.97270829	8720.00968806
2014.97917083	1495.15244018
2017.95255455	1312.4662693
2019.97011324	21101.4162946
2024.99230978	1255.8030224
2034.98674239	1179.87183849
2041.03089989	2761.02887057
2042.03732448	5190.32888341
2048.97029141	1395.88322457
2051.95565056	1622.19126282
2056.97160242	15817.0941301
2062.01573255	1737.87967018
2064.99338452	1386.36343584
2072.98110717	1553.87745565
2088.99256405	7387.25201656
2098.9721217	1339.53644613
2104.00580343	1272.34127506
2104.99041233	12105.3271398
2114.97474166	1578.05084647
2117.98285575	1448.17787917
2120.02231087	2631.38013891
2121.00178645	5231.83125179
2133.96145906	3657.07287977
2136.00316262	5867.91447892
2149.99930581	1634.04590051
2151.98238386	1761.28081615
2156.08546639	1416.11046826
2159.09100945	1398.51954032
2167.99042814	1195.69795099
2171.10747302	59937.2341185
2185.03335739	1394.03936702
2187.0726712	2528.73057984
2198.99633454	1394.51345279
2200.02048676	3001.78749782
2203.036294	2479.85917866
2214.97082774	1984.78640301
2216.03151119	14069.3354907
2232.02859129	1267.68392012
2256.0434624	1288.44977184
2300.05857255	1459.3854152
2311.08828959	1865.80245428
2314.115488	6580.27360944
2393.11300051	1872.34817314
2394.11467381	4299.87983878
2409.1195468	3339.42618741
2410.11095941	9620.97730181
2455.15216764	1264.62859255
2470.15426313	1175.91862991
2482.17828956	1437.2000096
2486.18351183	1371.71625498
2497.16137154	2208.94817677
2513.15715281	3251.46422213
2529.16414949	1947.85694678
2532.16670556	1924.40304854
2548.16357579	1695.31709201
2556.17272747	1160.81222463
2572.1604608	1152.05651004
2597.19217977	3260.65772523
2631.20146095	1140.79017954
2647.20988132	7206.89837586
2662.19384957	1339.1165511
2663.20510917	32461.8734068
2670.20160082	1370.27444708
2679.20290186	1803.22272456
2683.22514961	1470.65299902
2685.21527805	1613.75801985
2687.20783027	3609.11410281
2701.20707955	1091.18209093
2703.19975708	18085.2178491
2719.19636121	5338.0388873
2727.2904111	1248.55466139
2743.27157874	5710.56942387
2773.28799924	1370.95701089
2776.29438479	1847.66535171
2791.28751491	1355.91318094
2792.29402111	11359.5888775
2808.28283897	1129.87376847
2837.37819259	4691.96086207
2852.34789785	1387.29987101
2853.37641953	31252.049043
2868.34293791	1095.17884389
2869.36631265	5163.82353955
2879.34254222	1081.36033157
2895.37239566	2653.967242
2957.46369629	19701.9501375
2973.42900841	1127.68667436
2975.40726762	1800.95239082
2991.32165792	11252.1127642
3008.32657341	1058.86823582
3028.37382902	1229.7514913
3044.35163224	2303.97151924
3052.40982156	990.165197683
3060.37419274	1982.58967479
3068.39042034	1848.02786411
3084.38625982	3632.07773574
3100.37954635	4957.96248409
3116.37740386	2989.34028077
3184.46089374	1572.26471195
3201.49159164	5344.7959964
3373.61504366	763.00459236
3387.60956618	1209.53530421
3389.63650347	4263.84736836
3697.65375063	781.610260258
