705.060590421	63.7684199095
706.073691354	81.6257332011
707.065417219	146.095991722
708.090261218	73.7699892705
711.0642319	62.3339525454
712.070002244	74.8389355771
732.084451899	62.5272841098
733.079902443	60.6154105071
734.112238651	52.3577995482
799.258301972	104.251592756
801.163398344	213.516057059
817.133960425	299.697528965
823.137993927	88.8250120824
833.103086927	796.759636476
836.46709792	211.65176595
839.107981169	390.98945729
840.483261798	58.540803463
841.480017913	81.9147788743
852.466083227	93.5901870133
853.457639146	123.000668111
855.085852568	342.255045547
868.474101025	266.721214349
869.464177199	252.894175408
884.301649041	418.824991112
898.542518283	49.5583961721
900.246347348	154.200988771
988.536876384	123.468985581
1028.14049396	690.752295844
1030.144006	345.624877373
1044.12013513	2182.17180934
1060.09924316	1651.19795032
1095.61161966	58.6444285233
1105.61357683	1774.96095519
1106.60502906	2395.8974617
1127.5892171	50.7700342363
1178.60053698	59.0270325668
1179.60646881	60.132673936
1180.67650889	119.912031295
1181.66987602	222.541519753
1182.66326002	184.399570125
1196.67711964	130.529238071
1197.66584542	267.386928878
1201.61145777	65.7797129624
1202.60768524	119.582500248
1249.62840866	78.532171361
1250.62965525	159.764332989
1261.66961359	311.924572419
1265.65713522	48.1345150679
1266.66518692	57.7563952212
1267.7158406	656.157871265
1299.10396985	57.7318893636
1311.6793236	109.774180495
1323.68058115	60.4981240352
1324.67546058	93.9334356489
1325.66519349	172.556558847
1328.72154288	162.791483876
1336.67991036	53.8227288015
1337.68255281	53.3311594991
1338.67363587	58.3199049015
1359.7113134	49.0203119446
1372.72521107	49.8972981043
1373.74698211	75.7202337686
1374.77320176	82.964343728
1384.19726091	53.9659458822
1384.70225158	118.863721547
1427.77782137	4342.00825162
1435.73014151	2472.63524301
1441.75869081	74.8327187184
1442.75810119	94.8824172119
1443.77463972	137.90155196
1444.18593772	81.2648716178
1446.77070478	48.8598530979
1447.7767759	71.9437592316
1457.75483347	95.6465205979
1459.74571392	711.028690522
1460.15330477	138.356615851
1464.71176878	72.2593895026
1466.72408069	66.6896149616
1473.73148883	412.882202275
1485.8247626	282.26899507
1494.76121851	104.659811375
1502.80508818	58.9081216223
1503.77689795	156.9202273
1510.73352298	64.1974888427
1515.80620875	56.6725550022
1516.8046086	96.2977741877
1517.81547697	114.771080204
1518.81650956	144.968436707
1525.75456172	48.0751344427
1532.83134791	817.54815855
1541.78049939	49.7417092481
1544.80800335	67.8868074587
1546.83387829	90.1006429884
1548.80352257	60.4858523754
1550.80106428	822.978920572
1559.81294319	44.2151923383
1560.86430324	5721.29558074
1562.85590976	3821.66892397
1572.84919831	54.157110473
1574.84505575	69.0153092849
1575.83731034	84.8917451199
1576.84572473	144.893843743
1584.79544189	56.5395856681
1585.8004532	69.3238773203
1586.80385812	832.239495985
1590.81465612	54.453052479
1591.82943312	69.2023578128
1603.83236413	45.4037681229
1606.82534278	44.4025737651
1615.85363075	77.0448551496
1616.8526778	111.813337086
1648.87459646	604.122659961
1654.82262203	103.050107308
1655.83053185	162.165427745
1670.83797175	55.8247645425
1680.81554575	52.7018220729
1683.85388908	48.5276708832
1689.86166136	49.0048596268
1690.86522737	107.798347505
1691.8507776	181.883376795
1699.87415279	51.4891129884
1700.91552762	70.0942969861
1702.86672776	59.4344279069
1704.87099823	70.0074609443
1706.8390308	299.737348083
1707.82009389	534.636844037
1710.8134526	64.1661573663
1719.87806455	51.1826302324
1727.90243654	80.2455672387
1729.92299994	76.7692800548
1732.87782116	48.0794262974
1747.92280156	45.2704852501
1759.91485833	56.5182443851
1776.90335069	55.2278472782
1790.87900177	53.6993926495
1799.87829173	83.6898623219
1803.93499316	60.1759711834
1806.89818631	64.2411789527
1813.9097053	66.1304329599
1815.92188466	102.896687685
1817.93197076	119.629317651
1820.93326156	72.353131912
1831.97162028	221.629050365
1832.94736551	406.492243583
1843.97042929	108.636295251
1848.90624066	256.939167234
1863.92558303	83.6184508839
1864.90867976	121.590905219
1888.98238002	61.8709735677
1901.97015004	59.8906262858
1933.99294429	104.420494756
1957.97291327	63.0283092207
1960.12076598	71.1934662578
1961.1213777	202.71860682
1968.94311355	84.1971361291
1973.01160335	44.7773561749
1974.99980657	63.5060581865
1976.04409324	2131.87267552
1980.97042303	90.5330496808
1988.01072562	52.0690954905
1990.04584899	51.0924526318
1992.02033614	105.632308242
1999.99677507	50.2570767269
2008.0061383	45.6628421746
2010.01420036	53.563027657
2010.99870647	105.342263346
2013.97261679	87.822322533
2015.9833665	75.764567697
2020.03367515	154.769613698
2050.00673976	69.4143487446
2056.14056877	72.8667126105
2058.02509062	354.706440662
2073.07951264	120.050919657
2074.05497773	341.785775226
2089.04375582	140.485697197
2090.04762948	416.760007648
2091.04270136	686.212163034
2101.03203694	44.3365553136
2103.05626777	57.4317354483
2106.04657525	70.3844367325
2107.03951432	115.514507463
2116.02328275	55.5824623171
2118.04078574	73.3740505018
2121.03991309	64.8653456958
2124.0192305	76.262582203
2131.1757716	1105.72749328
2136.04550882	81.0403056419
2138.02800942	147.65199746
2139.00741014	363.42171894
2147.10827953	49.807478425
2151.05185732	60.3299732617
2153.06622759	62.2438072166
2155.00889909	54.772046767
2159.02527354	60.3928322101
2216.10942281	661.53574839
2222.03145549	71.021592195
2227.07371003	110.31238758
2228.06156726	207.338830552
2232.09161824	99.1871694319
2254.07842026	40.0512145028
2256.11487555	251.902239575
2265.10471244	46.784418139
2268.09615096	49.5349555691
2271.09162532	57.6070783719
2272.12119668	111.042991365
2276.10819878	72.817709081
2282.12422571	57.1516234008
2295.12421635	40.0643540634
2298.1048615	44.8151274974
2317.1146975	40.4995110794
2324.13450859	43.4011540826
2354.18110588	39.8466660082
2357.15651121	37.8797773018
2368.18163178	66.4712352036
2369.17337048	305.790545546
2385.17282158	49.4869383607
2387.15416418	85.8237648199
2415.18566928	174.611853362
2416.18101916	419.567476635
2427.19717226	65.3562266837
2442.1894994	44.0621809142
2456.231833	67.7490151862
2457.21395718	149.225160151
2469.2085706	44.1417795687
2484.23687177	61.9290739423
2485.28562818	540.383390828
2497.24564575	36.1380025191
2500.24982905	52.4343423142
2501.27399476	222.176357421
2507.18722022	47.0353353266
2511.1685467	60.8604556624
2513.23843383	86.6687392277
2514.22273188	183.549633647
2527.17733491	40.4030045681
2530.2347424	33.8945141025
2549.24518291	111.109328287
2583.27065619	72.3452328276
2704.29059156	76.6103368256
2706.29970315	236.395754774
2720.29188205	38.540608634
2767.37338164	59.3431151742
2881.43746661	35.6371785114
2883.47331289	379.179080647
2899.46170385	47.4397931851
3002.45407455	24.8523277911
3017.41845949	34.8707333489
3018.41538539	222.810372809
3019.40590358	720.665533922
3061.33730833	30.8346381149
3062.42883034	78.5497516043
3102.44120364	25.1792259287
3117.43832828	46.9449211374
3118.43918311	125.627975397
3134.47027847	17.9009717599
3170.52145306	17.1150775244
3185.50307461	24.944272415
3186.49795888	69.4404852538
3228.55811914	29.3159797543
