728.161606628	35.0440574177
783.475229163	68.9891934259
784.452568352	38.3168250293
785.486504174	231.477307219
786.461644235	108.763668829
836.509180563	591.875815735
837.499496711	717.503624163
840.522266904	77.6382712211
841.52178752	267.223641044
842.57449585	560.054360969
851.461042937	37.5115869097
852.491946284	125.79658627
853.491411651	387.253958203
868.527610156	554.429767298
869.520307463	642.748718044
885.49367263	33.9182499044
886.499107433	120.016003065
887.502924641	240.342566913
892.578765481	226.507116769
898.567149612	116.607408902
899.571713346	547.615201016
906.528135177	34.6170743294
907.502860556	43.2934727596
908.56765459	115.348047345
910.665835777	254.472041185
924.676134926	136.423262973
928.495278812	80.8704257622
929.497524081	56.1193324015
945.50730347	44.828391312
946.500764248	107.745003938
950.551995784	472.142402115
1088.62612127	50.8707930199
1095.65447902	52.4394547994
1105.67843547	1816.80142659
1106.66731831	2716.23070403
1116.58560986	359.128699555
1121.64472116	38.0550684735
1122.65381376	36.5466277495
1123.64225561	46.933958004
1125.60972939	111.436652157
1126.61287583	308.368430606
1138.64031434	37.9493136742
1143.61214215	47.7916091803
1162.67020108	34.8801138216
1163.68146854	34.2615478969
1164.67328688	45.749265576
1177.64125599	60.8063800172
1178.65243299	253.484041656
1180.71957005	156.074628935
1181.71663533	240.732556535
1182.71429141	803.992560849
1189.6316641	37.0481458088
1193.70380614	46.5812951505
1196.73638033	210.637112831
1197.72400686	472.708671636
1200.68363636	36.7457744214
1201.68136989	79.6593297559
1202.66331501	303.508963292
1227.69735223	46.4486104308
1249.69598975	59.3807625343
1250.69454483	67.7561901615
1261.74264313	1670.03336791
1265.70959897	52.6253309456
1266.71544092	75.5668205825
1267.76908924	516.117073218
1273.75477171	52.5651150963
1277.73591865	54.3445251559
1278.72870853	54.7838140441
1280.72173347	44.7143691777
1311.74681587	1070.50861211
1324.75158392	57.1187441061
1325.73159497	61.595319419
1327.72403866	41.6576508268
1328.78692289	310.055772351
1332.76035234	38.5120777213
1333.74754289	79.1086986539
1343.75782965	53.5867208999
1403.82778928	45.3788916425
1427.84989957	5344.85605095
1435.80617775	3989.82797475
1441.80722937	57.4751040915
1443.83140993	125.872724337
1447.8298211	52.7492567634
1457.8170786	109.607741222
1459.82012849	2051.18518989
1463.81933185	76.1648833372
1464.76446459	409.537085306
1473.80295218	791.830466694
1485.88282731	70.933774187
1489.8552977	47.5683220251
1490.84745224	104.6536999
1503.88174464	47.8684683812
1504.87187468	61.5210211645
1516.90584076	103.480992055
1517.90842164	285.017751335
1524.83490293	198.035834733
1531.8883119	62.5717662111
1532.91519591	2451.08178844
1544.90088615	59.0825398362
1545.913154	89.8895364466
1546.91008954	192.906682736
1548.91770582	166.466578387
1550.89222725	1682.21555117
1558.90607846	51.724199484
1559.88684268	76.4624383616
1560.9529856	11950.8360534
1562.93448705	11362.9126825
1572.91518678	58.1111265185
1573.92134779	75.7896981425
1575.90700325	70.2165885989
1576.9345374	245.771082038
1578.92669187	172.544589074
1582.90304259	56.8160456214
1584.87933225	74.0839481708
1586.89272533	1752.82805926
1590.91689511	117.059668258
1591.92376408	159.686614338
1592.92703718	192.349175659
1600.87552828	66.7232042669
1602.90996877	61.7210304503
1604.91897986	82.5047481811
1606.9189966	65.5920946169
1614.91015142	54.0285738563
1615.95014115	94.9124224895
1616.93856829	263.19687812
1628.89193117	165.826149165
1631.92473412	59.1716806853
1644.90845198	99.2277190178
1646.90491218	118.552823542
1648.96467622	3908.26194866
1654.92777684	52.7322168055
1655.93418069	279.606565113
1656.9314844	534.783384591
1660.95040343	56.0581054985
1662.94077285	90.1147549488
1664.94570463	122.160073981
1670.91380749	126.511416996
1673.92330304	68.1416882352
1675.95135237	68.8862965813
1677.9579371	113.415589921
1680.92105519	85.0961646992
1682.92053694	73.0323481882
1683.94009716	126.529115108
1685.92010875	64.8710424652
1686.9453652	93.1401472111
1688.94736864	73.6463035378
1690.93652598	663.505005173
1691.92446539	1402.09858426
1695.92701114	118.043934405
1697.94945976	101.476109348
1699.95281749	80.7525761763
1701.96594326	68.7089603977
1703.95698141	68.8146798768
1704.95416068	102.700542742
1706.92785115	2268.54260834
1707.91747267	4543.96012732
1712.93366118	53.8018975713
1716.98188747	68.0149101667
1721.99061512	55.7804417655
1722.967261	112.607666008
1725.96314161	65.6951265133
1726.9855125	107.066736363
1727.99861286	232.869487507
1732.99431923	62.2430110685
1733.99743462	115.802218767
1744.99940668	70.9918971626
1751.97566471	68.0957969625
1755.98446296	69.1042851478
1759.90166359	103.964185581
1760.88919466	268.017090886
1765.99015704	64.3233323602
1767.99510448	69.6613797608
1770.00145351	69.8098458172
1777.00986455	81.5333205684
1777.42451059	132.273185839
1778.02295607	108.682681126
1791.94808426	102.16487343
1793.41309338	98.6140763981
1799.96383323	252.973169105
1804.00735369	68.3513803917
1806.01843193	77.2618233965
1808.00384189	77.11006379
1814.01437244	92.4926256046
1816.02433229	106.825203337
1818.01524641	121.315584952
1822.00200427	85.8739073524
1822.98849335	134.251883172
1824.97057674	251.233351265
1832.07700827	67.6484951778
1833.02188192	637.299952702
1837.97227256	58.508632139
1848.05073684	55.5523888725
1849.01534597	467.900647112
1864.01679614	176.744947768
1865.01856667	353.437163835
1934.12882969	58.9426309634
1976.1443437	75.7863346719
2011.10671259	128.086927589
2015.14695633	65.742836252
2021.10543743	71.0728016338
2027.10102024	69.5914425196
2058.13166906	180.333353074
2073.17403838	112.353876757
2074.15846688	774.1152942
2075.16158636	1546.75924038
2088.15058964	62.5991632454
2089.16417016	248.588238912
2090.15983478	1423.63796674
2091.15682327	2332.10377783
2105.1561672	59.7430722535
2106.15798481	213.187254771
2107.14612614	367.541820002
2117.18095551	73.447600041
2131.28726737	2100.29876956
2135.13578419	1659.04259413
2147.25466541	75.2938302381
2150.12113527	222.115779492
2151.15721947	1241.97466436
2156.14234204	73.2029327009
2159.19155763	90.2003310222
2161.33915138	190.243508702
2169.21403147	70.94736156
2172.1869068	63.9380742349
2200.24361716	53.9502320756
2215.17105492	78.7123048188
2216.2400983	1698.16240356
2227.21947704	100.990787975
2232.25734047	689.343378838
2256.25878898	79.508212463
2271.20701164	73.403837712
2284.27181106	56.2857998145
2286.31152635	75.9887466352
2289.23425936	68.3610452059
2299.2280969	52.00837398
2301.2154151	107.801500372
2302.19352511	243.196526133
2308.28721238	121.9009857
2316.22028646	105.435779492
2317.21619756	363.706011614
2318.18618274	709.441511334
2324.23527347	51.0379205708
2337.32835115	79.6283901262
2340.29426721	72.1797554029
2343.29626807	66.9301874665
2352.283954	53.2607071186
2357.26879703	47.0812779348
2359.30031229	95.917427599
2367.28263559	49.9340758828
2369.29436324	142.805868192
2380.375116	73.654665004
2385.31001773	78.1072521199
2415.29769862	83.2773441588
2443.29647699	53.464643943
2485.44106621	44.2896279065
2501.37374217	59.4259417952
2503.36562673	107.54544922
2514.37866004	56.9571361611
2528.35071214	44.3240286937
2532.3685531	54.8621751231
2549.36143341	125.684598109
2565.38363375	40.0636208756
2582.41733651	74.0085378067
2583.41049253	516.481635708
2691.43402373	79.9449067864
2705.46016637	158.047989059
2706.45188547	926.643513103
2793.51562061	155.713715222
2881.61241627	41.574942436
2883.64522139	311.742817333
2899.65055451	154.162479312
3003.59856799	38.7399991434
3017.59046391	27.4725510154
3018.59328089	359.474167221
3019.57076922	1200.77869931
3034.64913185	53.7500429526
3045.64430051	41.7196616814
3060.63730078	53.8456357435
3061.59442973	141.51202917
3062.58809328	390.848672502
3101.61757794	76.2727348525
3116.59678124	40.8666749001
3117.60318782	255.170424183
3118.59953894	699.885259111
3135.62131037	35.4966826558
3228.74548323	49.5423225089
3244.737591	24.0323751661
