784.473865382	55.8583412949
785.438169794	52.3751527668
801.445654844	54.8326567892
835.431545424	22.1807356631
836.479098035	537.102484249
837.472232307	454.531065416
840.502193859	28.5988868822
841.491463225	81.6067353297
842.48274942	73.6539829022
843.441370301	75.7897505175
851.486650606	68.4178555878
852.472314489	154.616845024
853.468813312	194.232731427
855.082983236	89.0321390481
868.498742695	180.200917053
869.495083802	214.720238537
886.474965331	140.142245733
887.468902605	174.486579531
892.532819805	110.068414626
898.548111152	178.519075122
899.540921251	402.915904822
908.530574975	178.600406733
910.601768044	31.5410925175
945.478697267	74.9238818622
946.48120329	82.6413811891
950.510351652	403.177407477
1029.53198543	28.5687714098
1080.74788351	63.9141444336
1095.61220515	1774.65159389
1105.62641637	4369.35377441
1106.62029346	4926.21648829
1110.60824118	24.659316525
1111.60504788	31.9139030918
1121.60812116	32.2561298734
1124.64669926	34.3220453727
1125.58686396	108.44260422
1126.57609987	168.76538668
1132.53973687	310.759407421
1154.5975751	49.4586078759
1162.65221254	34.5799560639
1163.63675671	46.0136547087
1166.63313428	28.130309537
1177.6297588	75.8269830319
1178.62078185	171.989462583
1182.66687297	508.95737982
1191.63330801	26.9209414216
1192.66430664	35.8493760982
1193.62436443	29.2966624397
1198.66001979	37.0156158595
1199.64197426	62.1195220138
1201.64390217	119.610876587
1202.63387551	356.747341618
1205.67511892	78.4368730718
1221.68492067	1142.48418655
1235.66807958	1019.02970665
1250.63217095	51.2233014808
1252.65328947	44.4970716337
1253.67714176	106.669983856
1264.62906858	34.5505313507
1265.64041563	65.437301124
1267.72970004	1179.37888233
1278.65918916	41.4615459007
1279.67127656	45.0767121772
1280.66723904	50.4515206776
1310.70646863	45.075606787
1311.68898784	468.368426162
1325.6627023	53.5020726896
1328.7008131	97.5762519415
1332.71115011	114.554367874
1333.70220405	235.112419119
1343.72256036	57.9313033544
1344.71430187	71.8439965779
1363.7130315	43.47507075
1437.79712059	294.427014329
1449.77951473	51.7274066569
1450.75910818	86.6048784283
1453.80426572	9751.35278679
1458.78563565	64.0688252731
1463.77257226	53.4830504955
1465.75754814	6879.76190546
1469.78741858	530.116326929
1481.74956062	65.2217743142
1485.75974542	43.3733757546
1486.75797417	53.4365517982
1490.77851115	48.6900663304
1494.26570502	91.803759001
1500.74906834	40.9918764188
1501.76929085	6149.65446462
1510.79057297	269.662599014
1516.81929364	109.401853381
1517.81457793	363.548695538
1520.77939884	153.924647738
1522.77814992	76.0714209748
1530.80623539	65.7292319125
1532.84631528	11281.8723909
1544.82087632	46.0605079583
1545.83491106	85.7125173926
1546.85266784	556.696957537
1548.84301951	433.690734807
1549.77925123	827.324458882
1561.86673506	2390.89587892
1562.85852074	11722.1736868
1566.81812676	2087.99152679
1578.838047	143.076597725
1585.8280332	471.074166365
1586.82829149	4392.44143362
1591.85817715	78.3840937385
1592.83550954	914.918487016
1607.84409191	47.3724627269
1608.83208092	1158.65467127
1616.86139869	59.0542543028
1626.80732108	48.4247491748
1627.80895992	76.4326860763
1628.80937139	157.272252592
1631.866608	155.298164882
1632.86015147	235.761532623
1638.84393923	88.4825221025
1643.80847685	68.7167519188
1644.79057571	189.365004437
1647.83748047	63.403734598
1648.83326997	131.151230696
1654.85709072	54.5961182236
1655.86425842	488.008954725
1656.865656	1059.13957096
1662.82721481	63.2014050426
1664.84070445	90.826841917
1669.83150307	59.1163355282
1670.85140091	143.474319409
1672.86265264	123.736697761
1677.87445222	53.2475630083
1683.86680189	70.3891242174
1685.86294738	81.0955631653
1686.84664107	116.046193093
1688.83486227	65.0881712077
1690.85176246	714.454747154
1691.8461096	1535.31725732
1695.86744035	69.3497084755
1698.8788878	50.1205248265
1701.84388386	90.465619751
1703.88517268	89.3108544413
1705.21771312	104.902649335
1705.87177325	94.4319830773
1706.84565141	4014.1112079
1707.84229403	7685.85978091
1721.90059537	50.3323426892
1722.89198052	161.987240552
1723.89747755	272.586305012
1726.93603742	75.3659051629
1728.90323944	94.7708779761
1733.92959468	94.3489629941
1735.91308002	85.9099864643
1736.91174505	135.09007346
1738.89863171	81.4905638355
1743.91506001	82.3191152274
1748.9308719	60.3777774797
1750.91611988	96.2335229398
1751.91261579	171.736721742
1752.89766978	620.679609537
1756.93483479	60.6886936535
1758.85961187	70.9447987124
1759.80613552	290.454322645
1760.79571162	437.185926205
1763.87175063	65.7584393921
1765.93312238	123.196650396
1767.92547458	104.10107328
1777.34748302	243.990376411
1784.93697073	103.886323184
1793.3180497	678.29897829
1794.91601303	121.285288523
1798.89161837	51.7497103149
1799.87004525	412.786375453
1803.97255233	62.7569853867
1815.91897167	75.8211152217
1817.9479867	161.554494696
1832.93540987	1041.03631933
1836.95334176	166.348439933
1840.96219889	74.3379894086
1841.98529049	509.275751783
1848.93312497	2940.26934806
1864.92304858	657.009654602
1888.99405191	62.9120025462
1889.98348439	120.18099836
1901.97177069	57.1498239405
1949.01427486	59.6126406233
1950.99565885	77.6818173772
1958.98746803	65.6676606745
2007.02198986	82.2204736311
2015.04924119	56.7197894945
2016.02246496	151.17699227
2042.20498781	145.73961594
2043.13906827	244.605955598
2050.0433376	63.9959822758
2052.05298424	140.645762204
2053.05455936	296.070868465
2056.11408907	91.3868347604
2057.09817638	320.229544839
2058.05282977	2104.23879626
2072.13684944	58.2562180819
2073.16122087	104.345768133
2079.06490159	49.2941489208
2088.0652808	52.8688190988
2090.07926732	182.631235842
2095.09852693	915.414233855
2105.10161869	303.232706325
2106.08762296	1070.75956646
2116.13855271	53.0207395346
2121.09000364	109.159918089
2122.07887427	284.474612511
2129.21864484	2876.98894442
2134.08442063	295.145622976
2135.06271912	873.787769005
2145.21432052	74.4748728092
2149.12212966	83.1785357521
2150.0816486	244.057086495
2151.06385637	473.916504635
2159.18765554	73.9799435863
2160.22480342	226.171638429
2161.21142836	408.123911805
2169.11389453	60.4459063726
2200.14738301	48.4522992308
2215.10470621	141.684084596
2216.13554667	2201.13312172
2227.12834701	86.0137911413
2228.08720028	206.772734943
2231.09596838	61.9117989711
2232.13051966	925.584696356
2254.15947414	70.2197057248
2256.15857956	158.678008096
2265.18341707	50.9533169546
2266.2087164	164.67918749
2270.17058881	56.5795691183
2272.14372905	166.774730395
2274.17646412	268.265288768
2282.19955781	61.1636518746
2287.18179107	47.7917205148
2289.17003785	81.1988666474
2300.18079659	58.502691175
2302.15699526	91.3313236211
2309.23084402	66.7345698543
2316.16703698	91.5988204787
2317.15033507	173.166375021
2357.23437896	44.8133752759
2358.20316062	181.06603662
2371.26618237	48.082504111
2385.23009804	46.0079609366
2386.23030298	87.8647210142
2399.23688892	50.4204108394
2405.29248905	47.1553292204
2414.23811081	61.6851178441
2415.23557834	210.197399568
2420.28819681	56.7038004138
2443.25002446	47.8433119086
2455.33247723	261.07172563
2470.30140057	51.1473574815
2471.30723719	305.822955069
2487.29215352	59.8330730302
2497.29041944	43.2657657124
2501.29125202	64.6623535582
2503.26939812	184.523146517
2510.27102609	41.3731915424
2512.27435407	46.3525204518
2513.2899591	131.466812587
2523.32928964	54.7111528014
2524.33966211	455.72555556
2525.3256244	1432.69510669
2530.28181496	68.0910055893
2542.29354978	47.5368235944
2548.34055432	54.6745480279
2549.36072505	159.948043341
2565.31278045	47.540457883
2568.36376015	85.6795292631
2689.42126258	34.8137076132
2690.37200859	73.480948734
2703.32529465	41.7043196713
2704.34468537	189.407194368
2705.36238879	813.879748479
2706.35915635	2164.2222736
2712.39142002	61.4381010005
2719.40595551	37.5094995617
2720.35112842	111.10203899
2727.42632988	191.157033256
2728.44121048	548.773075247
2808.45383749	33.3290861677
2809.44516258	105.385066647
2823.50202328	71.699794785
2867.53906483	91.8198635329
2881.5036447	47.8513979155
2882.51961599	108.227452306
2883.53465851	2015.89952197
2890.50229757	43.7447519097
2896.45565575	29.3014265365
2899.52906795	484.144368847
2915.53863928	27.0628090223
2942.62104982	35.9093210184
2957.62345677	61.3879012278
2958.59550315	197.704483729
2960.51803066	705.085220602
3061.55804594	30.6599898675
3076.52168762	45.1223075576
3077.51774479	176.164484629
3116.55153242	23.3494315097
3117.52334508	77.3448874404
3132.50243501	58.639166795
3133.51890392	250.331779428
3148.50481584	23.690514436
3149.50392808	71.3879291558
3170.57570051	42.3376748419
3172.61340937	92.7674634128
3185.56473371	56.6159757615
3186.55781978	145.224645622
3373.69786984	24.2654853184
3388.73807309	35.2391958072
3389.70792045	137.108270309
