713.264176523	50.5441032263
784.409763018	13.6035824705
785.411944224	54.9678680368
814.420542003	16.6611256462
833.071962677	162.080673769
836.429806607	93.9253759506
837.411498416	110.320025034
839.41806909	14.6914892233
840.45993349	15.9325753116
841.445588975	50.5940339446
842.510854137	171.113555498
851.394484134	16.3977205305
852.396835548	39.5435282322
853.395537629	70.3077364787
868.454589683	86.6705279656
885.350418895	46.7123473528
886.408393832	37.8401638296
887.405474769	48.141710762
898.48460254	39.4983572854
899.484726733	90.0936478106
908.47864981	49.6096998388
936.469158397	36.3438061538
944.44948879	23.3100349407
945.448879206	19.3833166616
946.41280931	34.8514357963
950.454178871	53.8536294083
951.433412665	51.7330397278
952.458993504	37.2915315288
953.464212824	25.9571512732
1024.53439559	18.1548512825
1044.06817283	41.6326929413
1060.04390298	299.831593935
1095.53254249	152.588498009
1105.55442429	444.748944818
1125.5049664	25.9839302936
1126.50346975	55.9847670625
1159.52515383	16.8592488831
1161.52158294	13.1940623779
1178.55598434	55.5813900098
1201.56483756	21.8401643642
1202.55204667	53.1501201196
1207.55056134	13.5545020776
1211.60323284	37.6020706126
1225.57281638	19.7983961064
1226.62199073	63.4862820494
1227.61528026	178.787252893
1230.56842274	45.9957211225
1250.56885049	12.7541989327
1251.56780104	24.768513014
1261.59962969	362.397694716
1265.60876961	14.9752142075
1266.58173088	17.9895732852
1267.64443772	177.935982943
1277.64515902	22.72113688
1281.59196875	105.302729841
1324.64248841	27.2414231761
1331.62838682	39.055850063
1332.62294011	38.783588635
1340.62438943	16.145857661
1341.59588198	25.2330731039
1343.62226692	20.9913183671
1359.65045502	130.51878827
1375.64049065	64.0078834346
1453.72369957	1112.67514552
1456.71820203	33.5509039763
1459.67023603	566.240546157
1465.6683305	1004.39878422
1469.69977892	55.7145247694
1473.65736501	252.753381264
1489.66353998	28.6965378683
1494.69749915	61.0846629651
1502.732782	79.9778079341
1503.72430301	200.02706206
1508.65821314	67.9946813192
1511.70840003	12.550814443
1516.7181931	34.6025040083
1517.72495601	57.7787271438
1518.73988158	265.229060458
1533.72551003	12.0991785802
1535.69519784	13.4103329901
1536.72129036	18.6215734221
1541.70750803	13.0623006792
1544.73476787	12.1057014758
1545.74522181	16.8000736518
1546.74599034	76.5207515299
1549.73523122	21.364108737
1558.71980725	15.0983751877
1560.79416597	3559.64841549
1562.78065373	4020.78137575
1566.72760312	233.44069837
1575.7511529	14.1902742961
1576.78287288	566.654287464
1580.75868861	26.6216483563
1582.74371717	15.8640225777
1584.75433005	48.5164605111
1585.74499613	67.8912609722
1586.73911337	1057.20255537
1590.74305835	31.3804451408
1592.71027983	20.9830832005
1593.72166958	39.93671626
1594.72593646	340.739918472
1608.72981396	13.7438651673
1615.80057632	15.857593887
1616.77099069	47.1532540796
1628.7021984	28.6322817291
1638.73786543	12.1426733381
1645.72896779	13.4046806593
1647.74018543	16.5005678535
1655.77428633	39.0645908248
1661.78917292	12.3195363094
1663.74376002	17.1140112516
1669.78294325	16.0615843461
1671.77111419	15.6442195064
1681.7633058	20.4911301036
1683.79465781	18.5649266033
1684.77042671	24.8746046514
1689.75739096	16.8765065463
1690.766489	154.768584991
1691.75164755	341.880096702
1698.81831484	24.2191779075
1701.78519268	14.0303864739
1702.73092012	19.8710887606
1704.76379864	20.710063495
1706.76160649	466.252734502
1707.75240927	1250.41086551
1712.79348713	24.6078824942
1721.83317861	13.9049467311
1723.81152248	27.6858852666
1726.81601027	16.5891643854
1727.83172278	26.075855158
1732.82681023	12.9042706069
1733.82339624	16.3914822912
1734.8539489	24.065573169
1736.80378569	82.2940709952
1749.7835486	12.6442689813
1750.82982612	75.3795729519
1759.73540113	34.5697211353
1760.70938665	66.3527156324
1766.82206673	17.7252437444
1776.83272895	20.4140137598
1777.36195104	32.6039504656
1790.83626502	27.958154156
1792.83236157	27.5027161256
1793.23424009	16.9994891519
1796.78901761	17.1386167913
1799.81529204	16.2287986794
1800.82870308	22.6014690179
1806.83363807	18.535657155
1812.82509049	15.6848450997
1813.83018988	76.5702690724
1816.84996353	61.7681929797
1832.84538778	243.146048654
1848.84039336	200.39314198
1863.84061265	31.9784887671
1864.8460316	85.088682919
1929.88579262	18.0601538299
2041.9500109	14.3707988882
2052.95901656	16.4171136969
2057.9665518	104.228537163
2067.95292889	15.7801937127
2069.96229262	27.0942704849
2083.92477091	12.6043744786
2088.98035883	18.2338158615
2089.99830159	88.1692047353
2090.99036953	144.259258213
2098.9377612	20.6396771661
2104.99438793	29.9047652519
2105.99592203	226.424687587
2106.99551574	439.116048079
2109.01655236	319.422218696
2115.98676482	20.1933228622
2120.98336505	23.6726452808
2121.99047686	42.3077724132
2122.98098792	134.438992079
2131.12736556	447.326138552
2134.9959785	526.593222971
2137.97573271	400.32887207
2138.96208511	931.112381791
2149.97506905	36.6138829967
2150.98284791	116.154705728
2154.97879759	23.4772528374
2157.94197816	16.2569610018
2158.98681735	27.4698956117
2159.98020757	46.3031102328
2169.0314255	15.3519241298
2172.01011537	12.5092857517
2176.02072248	23.4537793903
2178.00784069	50.5923946184
2185.00309669	12.2543106961
2193.0203836	19.8497234315
2200.0190405	23.5576701387
2211.06283397	18.5602078159
2215.00773608	18.9757912338
2216.07210875	393.843523753
2227.03111336	24.325417658
2228.01221271	58.7930595869
2232.04779469	28.7367859874
2256.0699446	21.069991958
2273.08569488	18.5951643202
2286.12643316	12.8814822845
2298.07185394	16.8362405254
2299.08304858	39.7641849701
2301.09681575	82.5874415174
2313.15436724	14.0751842195
2316.07076641	30.2203101914
2317.08043081	127.410049992
2322.1286327	15.8206776864
2324.09782866	23.6895568165
2337.17682607	32.3669562356
2338.16985146	65.8698798746
2342.14733011	23.4554549687
2354.14490748	33.3524256222
2358.126519	44.674972841
2369.16522135	12.5657448412
2370.15553107	23.5756876881
2385.15994473	16.5488769083
2386.14392483	32.3495450997
2398.17597021	12.1974419195
2400.16622247	51.0416406105
2411.18505263	13.2731425622
2414.18534267	33.4520015195
2415.16944714	116.991793231
2427.15679495	16.0814619092
2443.15362209	27.7494653276
2454.15283118	13.0384716938
2456.20704141	70.012645353
2457.20761324	243.610007796
2471.24606654	35.499692831
2486.2235598	21.4337735891
2487.23588608	63.7361441976
2494.16053148	11.9869642651
2501.22106876	14.0843163973
2502.23699501	37.7946380897
2514.27642418	14.1071452391
2527.25945271	13.1292596207
2533.23664569	12.3411986327
2548.25776194	15.8887529901
2549.23669272	71.0329185873
2565.25452343	18.7875833755
2612.30338013	34.0942530487
2613.29502971	154.365762556
2689.3436154	17.8760253762
2690.33038047	53.8533934555
2704.30942106	59.1099793291
2705.32933917	150.858034826
2706.33228662	345.588893778
2720.29860859	15.8256379951
2801.41654482	9.73787256585
2838.52014428	15.7659214388
2853.51483167	285.513094818
2869.4972052	74.1111748752
2911.47452374	9.41973816453
2960.42191015	8.07542106027
2975.49619636	44.2904880723
2976.48592995	336.88331222
2977.47080067	1008.53019051
2990.48055004	10.3254946273
3045.47924021	7.66804448921
3060.50444602	22.6416556222
3061.55687296	65.0342669204
3067.55521654	8.5474815391
3087.58755147	8.42022147742
3100.50011366	12.6372606917
3101.54562356	59.5734083279
3116.55456589	28.6490795067
3117.53406319	172.970662273
3133.52919112	14.2579420136
3170.60972616	7.48499304009
3185.59233281	8.82952917066
3388.73779191	9.35802061698
3389.77360463	27.428172641
