713.329038067	379.340410759
744.41483573	142.837048273
785.461075801	130.347926576
836.487928118	58.4099433772
839.147109039	212.990518058
841.520067483	98.8173385376
842.56479051	476.676279654
845.16592283	153.299355703
852.500069501	141.452724221
853.486541673	274.569050573
855.112577534	775.077488733
855.503991823	159.656578756
856.571437732	193.908905816
861.132748882	2290.90440512
866.513254234	736.170973667
867.508840313	714.964791164
868.518056233	490.689692262
870.602386638	630.220170085
877.108958182	322.148028485
882.64030488	233.841074768
885.445831936	75.8608680139
886.501452239	273.056726755
887.491614627	432.769765783
892.564367066	276.550761627
898.573925835	146.366365185
899.571378294	421.222700372
908.537496426	348.396853944
950.537625894	1064.55000818
986.541684235	97.4088249617
996.678086579	276.108525112
1034.57362881	96.933475511
1038.62143988	262.040234799
1050.17189635	95.8337118971
1066.15445908	570.813093579
1079.64594809	55.0563802319
1095.64612415	1634.30334143
1104.63951709	60.5947569594
1105.66086691	4593.18237923
1106.65438393	6067.93135649
1110.64324789	81.5448691489
1111.63111023	72.8680510068
1116.60537464	82.5332166123
1117.62478359	121.738298944
1121.64524252	103.060963967
1122.65328092	122.683714064
1124.6162755	80.023961222
1125.61366438	271.923399647
1126.61067187	372.36447719
1128.63344228	157.269419066
1132.58495509	137.538999389
1138.61728539	57.073112345
1139.63435678	89.1742542757
1149.64119706	72.4323948403
1162.69215833	140.103307484
1163.67710063	148.292215084
1166.63386312	54.4109040633
1192.71729098	78.9752666807
1193.68624804	102.120547935
1194.65537014	104.354896798
1202.66649498	81.6039351614
1205.66837626	54.3980219415
1206.67605773	67.0383087511
1212.65816725	47.3514651776
1213.67804308	47.5603752393
1214.68905376	58.9178506112
1223.66053752	58.6974063058
1235.73070916	202.486228811
1246.67428399	210.066210041
1249.6990509	55.2980801833
1250.69505356	56.3247904776
1251.70239161	94.4727497827
1261.72382121	3416.08794938
1265.7054956	140.911655602
1267.7655654	862.217974527
1277.19173712	139.004393737
1277.71979446	158.200910524
1279.70408956	89.2801072119
1280.70942159	137.798583375
1281.71614931	2907.07939082
1285.73077222	85.4421533054
1293.72862385	76.4253724343
1303.71894653	60.5927174634
1305.70755859	53.7608401251
1307.73743073	132.571060666
1309.73166787	70.0958734047
1311.73216594	85.2275407748
1328.7314915	92.2678781572
1332.75209213	237.248032108
1333.74436823	485.146080911
1344.7529206	70.6208848896
1349.73242471	50.4775356202
1354.75367714	50.1751701423
1365.74234074	84.3537923583
1391.78055077	51.9273134243
1392.75592013	62.2779841089
1393.7766323	150.984332765
1451.8119279	52.3969080367
1453.85222002	3271.78348372
1457.80846441	173.73257773
1459.79618332	2615.22715535
1463.8160347	126.667809477
1465.79954359	4976.2497922
1469.83426219	392.934592043
1472.79707293	74.285577478
1473.78655564	546.472693387
1477.83774666	73.471436296
1479.79655332	57.6825115521
1481.80168341	212.496273589
1484.77914851	66.8210196311
1487.79921254	146.820813385
1489.80710344	89.9854626457
1490.82306066	253.814725687
1493.80903634	117.54015177
1501.81961393	118.133607193
1506.84201184	100.421852923
1508.81480135	69.2776138693
1510.82786815	404.553235862
1528.82413078	109.973129153
1529.8262472	134.537192782
1531.83966728	71.48779191
1532.88743953	171.230157943
1544.8775796	59.7184285553
1545.89949227	74.3051914317
1547.87302242	126.726544071
1548.88668277	1316.75080478
1552.8751642	122.614489076
1560.92961845	6144.58387549
1562.91682457	5672.51816113
1566.86705818	2533.18088201
1570.85438411	104.82896885
1572.88639892	151.373001953
1574.89142112	107.873982236
1576.91358626	285.882243844
1578.91649545	203.276826302
1580.87793418	109.792908639
1582.89630691	247.609602217
1584.88556867	185.742620146
1586.87428425	2411.71826677
1590.91960168	392.82255838
1592.91359554	195.097507542
1594.86821622	1211.60724573
1598.88010871	69.8475188502
1602.87847569	92.1327622686
1604.89492595	100.769076586
1606.88987376	112.007689452
1608.88065782	120.814827089
1610.86827605	117.866949214
1612.88700048	116.503120437
1615.93123511	119.535629929
1616.93198499	380.673404729
1620.87469927	91.3348706015
1628.88546128	85.2332752035
1632.9240625	62.9062068089
1637.89181523	60.8970746004
1644.89405315	114.295846025
1654.91392272	54.6831177516
1655.92637075	316.453923322
1656.92396881	420.807504973
1662.93364798	74.9370505579
1664.89278429	607.639520585
1665.88128226	1366.13178226
1669.90815854	115.562514766
1670.9054456	149.955987175
1677.92853692	58.0324877791
1679.9171929	80.728723708
1680.88523594	1221.27511632
1681.87871264	2105.28902094
1685.90956479	133.589874946
1687.88719796	85.2516975108
1697.93396158	112.714463424
1700.90489092	58.9674358513
1701.90499202	89.828529855
1703.891149	128.171570595
1705.93584365	84.4294217769
1707.94223712	94.8228201446
1709.92510488	111.851048553
1712.93647062	55.2064389465
1719.94316273	58.0877849172
1720.95415045	154.463546273
1722.95698359	163.445636872
1735.97932941	82.9352582248
1736.94699598	474.931433773
1740.9513478	52.8413500909
1748.95290311	53.3016645544
1749.95359064	101.892534088
1750.95839645	205.642475679
1752.96281874	152.506228956
1755.96650156	67.5430652029
1757.94280965	57.6878781158
1764.95550037	59.5835057273
1765.94547711	80.1046163134
1766.96171733	152.333266287
1775.89479416	137.974995166
1776.86127089	218.041282681
1800.99873973	62.0767111592
1808.95612496	79.6068348819
1813.00981579	81.2526032589
1814.01930164	346.82167415
1816.98882278	201.397360137
1819.01299511	194.754527245
1821.00830882	111.344577799
1824.95758253	71.0372073908
1832.99338543	132.965221557
1835.0083127	178.054728563
1837.9941483	90.0691851346
1848.01204875	61.3786691004
1849.00102473	822.748871121
1854.01398463	58.031796968
1864.01648926	263.441966925
1864.99852376	1589.21231268
1880.9996176	80.5911606342
1882.99061163	81.6952929776
1885.9872958	81.4395459466
1887.00251944	126.372083021
2048.10107911	54.6747081426
2052.11931653	63.485744482
2054.11179853	77.6533356431
2058.13026471	127.062985353
2062.12870414	49.4457934287
2069.13880567	44.8458292936
2089.12539358	54.2188112466
2090.15353869	114.564087499
2091.14964036	196.038199388
2105.15915204	120.324742262
2106.15067969	589.882982175
2107.14675361	1054.43712258
2119.2138285	98.2300837353
2121.19427875	105.484436944
2122.15201618	197.986310696
2123.13433376	330.487209959
2133.20214367	41.8756041455
2134.1454277	98.5007102302
2135.18078448	1152.1152303
2147.26582688	311.613990699
2151.16522986	239.290398736
2157.14121141	70.3020284622
2163.23441035	54.7470657204
2165.21312875	47.3987545446
2169.20147675	60.1098506248
2172.18891622	47.685054929
2185.20786936	41.1019341379
2211.26686256	97.159332257
2216.25296719	103.355188703
2231.1536252	59.6794313863
2232.15921415	260.614075837
2300.30664307	57.2876531842
2302.30429309	75.0185655453
2316.2529362	41.9562360537
2317.23454998	93.5911239192
2321.22129844	35.0445003223
2338.31330356	73.6082475487
2367.33330512	42.4201642287
2549.41780464	36.3735076319
2599.43497422	148.263768709
2706.51143553	71.2402718045
2822.60709001	34.3441261665
2854.65501176	29.0955787643
2869.64655086	43.5759607435
2976.62770283	24.6132640588
3000.67602561	48.0312282547
3118.72452054	11.873765283
3133.71140699	27.3254042192
