823.088321136	21.1539884662
824.102793045	19.6032501491
833.074842027	42.9948995897
836.448413583	337.022582946
839.082512534	86.013710252
853.419356538	13.6192309895
854.436767222	17.9253376898
855.059515254	51.8067799788
868.439248591	14.4959493091
884.265756337	23.0751081259
886.43835484	18.3693522338
898.51551032	33.2278023044
899.509681503	42.4205249753
1028.10197938	33.3046963886
1029.11633483	35.856677278
1044.08440591	142.31692882
1060.0617328	138.597579385
1094.5158538	18.2681660343
1105.57502478	545.682385707
1106.56893849	618.001718219
1125.52973942	18.5818837929
1132.49701289	58.5536036434
1177.57081985	33.6670543766
1178.56629144	97.930675883
1182.61713151	142.453553505
1198.61869522	30.0937660907
1199.6040469	43.4137137596
1201.58192063	70.8419863618
1202.57864275	113.8318859
1235.6226158	80.0735909917
1239.65398203	179.323383152
1267.63712232	13.5747057841
1310.63105834	13.4777451899
1311.63303366	64.1946171239
1324.66198741	20.5823955686
1328.63953487	43.8722535123
1332.66010608	15.5244552531
1333.64641847	27.9789941477
1371.65794337	25.0772330036
1427.7306695	2813.93845494
1441.70132055	17.5331031804
1442.70049217	30.2442593539
1443.71200002	65.7196418712
1448.66143428	298.154183794
1455.75470303	59.2009068199
1458.76560323	16.5799085529
1459.70107565	1271.71913415
1464.68475752	21.3275837403
1465.69592409	2535.09161514
1482.66724392	15.593592662
1488.6890908	13.6570223936
1500.7014673	33.7628955737
1501.71267597	638.4893403
1516.79437256	15.578623664
1517.74594446	25.7127099584
1524.729454	34.6638801848
1529.76851354	27.7860611759
1530.80853393	5496.16237138
1544.7785938	38.5070990303
1545.78171099	55.1154817739
1546.78799463	125.21139066
1549.77479003	42.4455863161
1550.76574577	778.987900076
1560.74089467	18.6095904117
1561.80012167	605.860450368
1562.79906757	2705.12803999
1567.70071009	20.7456711979
1577.78611091	16.8567968759
1578.79233793	43.8516880685
1584.71997257	16.4366673032
1585.77114975	84.9708907777
1586.76356715	1240.07623252
1604.84625986	1126.35567295
1614.77910351	13.7513997502
1615.81461493	118.431001279
1616.81533551	540.306186994
1620.78668114	26.6268087183
1628.71954974	14.117909466
1630.79801226	15.7133358626
1632.78452699	31.7979144137
1634.80972312	27.9647599743
1636.80689179	20.0817507215
1648.81278363	16.9727018995
1649.79251507	72.0857310395
1650.78799708	283.288489147
1654.77591957	18.8964059737
1655.80243896	67.7199433399
1656.79097675	367.250553636
1668.78959181	15.0849041566
1669.8139571	19.2721862888
1670.7659953	127.063725259
1672.74014177	140.479431542
1683.80365958	25.9136991847
1684.80490195	34.6573000574
1686.78600517	32.0374358113
1688.77547375	23.1311612193
1690.78350089	392.671616484
1691.7769902	729.960742718
1697.79109786	19.3015339396
1700.77678874	15.9283156194
1703.91633159	13.9789840203
1704.21022693	14.9005422883
1704.84107744	20.5190354933
1706.77948942	1251.63405309
1707.77316887	2000.81769377
1720.82844011	15.4970924857
1722.78988288	17.1379145461
1723.80692843	29.2263919717
1725.84565921	16.0929216992
1726.84830015	25.5316983691
1727.85139761	41.6137049264
1734.83789598	14.7948048674
1735.84996625	52.9324990763
1736.82862536	282.977751815
1749.80296228	14.2352724388
1758.79226371	19.3611027721
1759.72135814	91.6605423436
1760.71314044	129.490793364
1766.83021175	18.3926598402
1767.84476007	30.7283376157
1768.89549098	58.8903082967
1784.90238932	716.97490777
1791.80661491	15.3070741786
1792.85682152	20.2301843447
1798.83888519	19.7920348844
1799.82325055	83.395396465
1800.89567521	2648.19704982
1806.87768632	53.6635792796
1807.88306371	78.8450351007
1816.86803707	33.5664648376
1832.87949658	15.2850985747
1841.90981072	67.0660477189
1848.86442358	19.0540481441
1863.87562384	86.0660981743
1934.8971867	17.7182072546
1945.99363035	27.7692829226
2020.94396282	36.4283079491
2034.92927784	12.9529672097
2042.92868389	16.3871826024
2051.9526227	111.351075756
2052.95147608	230.17975471
2057.97706887	94.7454780538
2061.9401288	25.2659823841
2073.96543274	14.9753324893
2088.9908319	62.568051897
2089.99150117	260.838567235
2104.99754502	234.610631789
2105.99111459	1307.04561945
2116.99405508	14.6781868311
2117.97265984	26.1668034022
2121.01247823	35.4452438621
2121.98864421	200.919864687
2132.95605814	14.0582253516
2133.96337105	91.8414199168
2134.95407491	355.455053696
2145.13275289	823.350832333
2149.08106671	118.904925985
2150.9622386	125.404982537
2160.09846644	95.6537677433
2164.04827745	22.8912421439
2165.04233482	583.350176544
2172.02942987	48.6174194509
2173.05116752	95.5459251546
2185.07312939	16.5986639749
2188.04346665	1627.67859957
2197.06268848	16.1558459539
2204.04364624	41.44729278
2210.99800005	13.3259326616
2214.96782437	33.3223028335
2215.97018419	157.701661736
2227.01366945	25.7349022997
2228.00591349	66.4432169811
2231.96949218	26.5464546222
2246.05951613	21.9455466676
2255.05968818	13.9509802196
2256.04462238	52.5087420337
2260.07015545	35.6606044979
2270.02587731	15.2102136592
2272.04840304	20.1240298066
2273.04020416	37.9947550287
2280.11869522	43.7522980299
2287.01516062	13.3496937614
2300.02865468	15.4509234389
2302.02590134	32.3456011416
2316.036638	21.6567315224
2317.01810409	59.7667804364
2358.07225353	18.5525655526
2359.10220667	41.0916604225
2386.1112304	13.835306518
2394.15555825	11.8290601997
2410.13832853	40.9442144619
2411.13200993	122.080917593
2415.14051416	46.8435558277
2419.14909677	27.1046711147
2442.13619092	14.4677618601
2454.21587051	12.4561836986
2455.21451795	87.1346842537
2471.21174753	29.9283355398
2498.22170783	20.3694278814
2501.1495809	10.8088744425
2503.15354268	23.1219339859
2513.16872931	22.115650473
2548.1778088	19.456500925
2549.17321848	114.470081339
2565.23533347	16.8394064858
2581.20020298	20.3785009566
2582.2289035	98.4922719796
2583.23357499	376.784844861
2589.25008455	23.2326973022
2690.27327453	36.4547493589
2704.24738467	56.9980119151
2705.24206551	130.787198033
2706.25165756	400.748270251
2720.21714828	18.0465611502
2741.30725882	15.9192164154
2821.35202942	22.1054327453
2867.43098148	37.2278474648
2881.35948535	12.2280502543
2883.43280102	632.347213721
2899.42592053	20.5478404466
2975.35641286	21.3002223042
2976.36164141	292.565441889
2977.34487677	759.700889714
2999.41857604	14.5679699307
3045.33490103	9.34175994901
3048.23317694	6.99286396781
3061.34604789	25.2675450649
3101.36756474	13.975729426
3102.39973941	35.8554459002
3117.38053412	56.3277732883
3118.36687669	140.509369708
3133.38988421	12.7787082924
3169.45111604	5.18158035879
3185.43869909	18.2382012845
3242.58594684	10.9512787846
